X1	X2	X3	X4	X5	X6	X7	X8	X9	Y1	Y2	
0.3	0.2	0.2	0.3	0.2	0.3	0.3	0.1	0.1	1.00	-1.00	
0.1	0.1	0.1	0.1	0.1	0.1	0.3	0.1	0.1	1.00	-1.00	
0.5	1.0	1.0	1.0	0.6	1.0	0.6	0.5	0.2	-1.00	1.00	
0.9	0.9	1.0	0.3	0.6	1.0	0.7	1.0	0.6	-1.00	1.00	
0.1	0.1	0.1	0.1	0.1	0.1	0.1	0.1	0.1	1.00	-1.00	
0.3	0.2	0.2	0.3	0.2	0.1	0.1	0.1	0.1	1.00	-1.00	
1.0	0.3	0.5	0.4	0.3	0.7	0.3	0.5	0.3	-1.00	1.00	
0.4	0.1	0.3	0.1	0.2	0.1	0.2	0.1	0.1	1.00	-1.00	
1.0	0.7	0.7	0.6	0.4	1.0	0.4	0.1	0.2	1.00	-1.00	
0.1	0.1	0.1	0.1	0.2	0.1	0.1	0.1	0.1	1.00	-1.00	
0.2	0.1	0.1	0.1	0.2	0.1	0.1	0.1	0.5	1.00	-1.00	
0.8	0.6	0.7	0.3	0.3	1.0	0.3	0.4	0.2	-1.00	1.00	
0.8	0.4	0.4	0.1	0.6	1.0	0.2	0.5	0.2	-1.00	1.00	
0.1	0.1	0.1	0.1	0.1	0.1	0.3	0.1	0.1	1.00	-1.00	
0.3	0.1	0.1	0.3	0.2	0.1	0.1	0.1	0.1	1.00	-1.00	
0.2	0.3	0.2	0.2	0.2	0.2	0.3	0.1	0.1	1.00	-1.00	
0.1	0.1	0.1	0.1	0.2	0.1	0.1	0.1	0.1	1.00	-1.00	
0.3	0.2	0.2	0.2	0.2	0.1	0.3	0.2	0.1	1.00	-1.00	
1.0	1.0	1.0	0.3	1.0	1.0	0.9	1.0	0.1	-1.00	1.00	
0.3	0.3	0.2	0.1	0.3	0.1	0.3	0.6	0.1	-1.00	1.00	
0.5	0.1	0.1	0.3	0.2	0.1	0.1	0.1	0.1	1.00	-1.00	
0.5	0.1	0.1	0.1	0.2	0.1	0.2	0.1	0.1	1.00	-1.00	
0.4	0.1	0.1	0.1	0.2	0.1	0.1	0.1	0.1	1.00	-1.00	
0.8	1.0	1.0	1.0	0.5	1.0	0.8	1.0	0.6	-1.00	1.00	
1.0	1.0	1.0	0.8	0.6	0.1	0.8	0.9	0.1	1.00	-1.00	
0.8	1.0	1.0	0.8	0.6	0.9	0.3	1.0	1.0	-1.00	1.00	
0.1	0.1	0.1	0.1	0.2	0.1	0.3	0.1	0.1	1.00	-1.00	
0.5	0.3	0.3	0.3	0.2	0.3	0.4	0.4	0.1	1.00	-1.00	
0.1	0.1	0.1	0.1	0.2	0.1	0.2	0.1	0.1	1.00	-1.00	
0.4	0.2	0.2	0.1	0.2	0.1	0.2	0.1	0.1	1.00	-1.00	
0.5	0.3	0.3	0.2	0.3	0.1	0.3	0.1	0.1	1.00	-1.00	
0.4	0.6	0.6	0.5	0.7	0.6	0.7	0.7	0.3	-1.00	1.00	
0.1	0.1	0.1	0.1	0.2	0.1	0.1	0.1	0.1	1.00	-1.00	
0.8	0.7	0.6	0.4	0.4	1.0	0.5	0.1	0.1	1.00	-1.00	
0.1	0.1	0.1	0.1	0.2	0.1	0.2	0.1	0.1	1.00	-1.00	
1.0	1.0	1.0	1.0	1.0	0.1	0.8	0.8	0.8	-1.00	1.00	
0.1	0.1	0.1	0.2	0.1	0.1	0.1	0.1	0.1	1.00	-1.00	
0.1	0.1	0.1	0.1	0.4	0.3	0.1	0.1	0.1	1.00	-1.00	
0.4	0.2	0.1	0.1	0.2	0.1	0.1	0.1	0.1	1.00	-1.00	
0.5	0.1	0.1	0.3	0.2	0.1	0.1	0.1	0.1	1.00	-1.00	
0.5	0.1	0.1	0.1	0.2	0.1	0.1	0.1	0.1	1.00	-1.00	
0.6	1.0	1.0	1.0	1.0	1.0	0.8	1.0	1.0	-1.00	1.00	
0.1	0.1	0.1	0.3	0.1	0.3	0.1	0.1	0.1	1.00	-1.00	
0.3	0.2	0.1	0.2	0.2	0.1	0.3	0.1	0.1	1.00	-1.00	
0.4	0.1	0.1	0.3	0.1	0.1	0.2	0.1	0.1	1.00	-1.00	
1.0	0.8	1.0	0.1	0.3	1.0	0.5	0.1	0.1	1.00	-1.00	
0.5	0.2	0.1	0.1	0.2	0.1	0.3	0.1	0.1	1.00	-1.00	
0.8	1.0	1.0	1.0	0.6	1.0	1.0	1.0	0.1	-1.00	1.00	
0.3	0.1	0.4	0.1	0.2	0.35	0.3	0.1	0.1	1.00	-1.00	
0.4	0.1	0.2	0.1	0.2	0.1	0.3	0.1	0.1	1.00	-1.00	
0.5	0.3	0.3	0.1	0.2	0.1	0.2	0.1	0.1	1.00	-1.00	
0.5	0.1	0.4	0.1	0.2	0.1	0.3	0.2	0.1	1.00	-1.00	
1.0	0.6	0.6	0.3	0.4	0.5	0.3	0.6	0.1	-1.00	1.00	
0.5	0.1	0.3	0.1	0.2	0.1	0.2	0.1	0.1	1.00	-1.00	
0.3	0.2	0.2	0.1	0.4	0.3	0.2	0.1	0.1	1.00	-1.00	
0.3	0.1	0.1	0.1	0.2	0.1	0.2	0.1	0.1	1.00	-1.00	
0.4	0.1	0.1	0.1	0.2	0.1	0.2	0.1	0.1	1.00	-1.00	
0.3	0.1	0.1	0.1	0.2	0.1	0.3	0.1	0.1	1.00	-1.00	
1.0	0.3	0.3	0.1	0.2	1.0	0.7	0.6	0.1	-1.00	1.00	
0.1	0.1	0.1	0.1	0.2	0.1	0.1	0.1	0.1	1.00	-1.00	
0.1	0.1	0.1	0.1	0.2	0.1	0.2	0.1	0.1	1.00	-1.00	
0.5	0.1	0.1	0.3	0.2	0.1	0.1	0.1	0.1	1.00	-1.00	
0.6	0.2	0.3	0.1	0.2	0.1	0.1	0.1	0.1	1.00	-1.00	
1.0	1.0	1.0	1.0	0.5	1.0	1.0	1.0	0.7	-1.00	1.00	
0.8	0.4	0.6	0.3	0.3	0.1	0.4	0.3	0.1	1.00	-1.00	
0.2	0.1	0.1	0.1	0.2	0.1	0.1	0.1	0.1	1.00	-1.00	
0.5	0.2	0.4	0.1	0.1	0.1	0.1	0.1	0.1	1.00	-1.00	
1.0	0.4	0.6	0.1	0.2	1.0	0.5	0.3	0.1	-1.00	1.00	
0.5	0.1	0.1	0.1	0.2	0.1	0.2	0.1	0.1	1.00	-1.00	
0.3	0.1	0.1	0.1	0.2	0.1	0.2	0.1	0.1	1.00	-1.00	
0.1	0.1	0.1	0.1	0.2	0.1	0.1	0.1	0.1	1.00	-1.00	
0.3	0.1	0.1	0.1	0.2	0.5	0.1	0.1	0.1	1.00	-1.00	
0.1	0.1	0.1	0.1	0.3	0.1	0.1	0.1	0.1	1.00	-1.00	
0.2	0.1	0.1	0.1	0.2	0.1	0.1	0.1	0.1	1.00	-1.00	
0.4	0.5	0.5	0.8	0.6	1.0	1.0	0.7	0.1	-1.00	1.00	
0.4	0.1	0.1	0.1	0.2	0.1	0.1	0.1	0.1	1.00	-1.00	
0.9	1.0	1.0	0.1	1.0	0.8	0.3	0.3	0.1	-1.00	1.00	
0.2	0.1	0.1	0.1	0.1	0.1	0.1	0.1	0.1	1.00	-1.00	
1.0	0.5	1.0	0.3	0.5	0.8	0.7	0.8	0.3	-1.00	1.00	
0.5	0.1	0.3	0.3	0.2	0.2	0.2	0.3	0.1	1.00	-1.00	
0.8	1.0	0.5	0.3	0.8	0.4	0.4	1.0	0.3	-1.00	1.00	
0.5	0.1	0.1	0.1	0.2	0.1	0.1	0.1	0.1	1.00	-1.00	
0.1	0.1	0.1	0.1	0.1	0.1	0.2	0.1	0.1	1.00	-1.00	
0.3	0.1	0.1	0.1	0.2	0.1	0.3	0.1	0.1	1.00	-1.00	
0.2	0.5	0.7	0.6	0.4	1.0	0.7	0.6	0.1	-1.00	1.00	
1.0	0.3	0.3	1.0	0.2	1.0	0.7	0.3	0.3	-1.00	1.00	
0.8	0.3	0.3	0.1	0.2	0.2	0.3	0.2	0.1	1.00	-1.00	
0.5	0.7	1.0	1.0	0.5	1.0	1.0	1.0	0.1	-1.00	1.00	
0.8	0.7	0.5	1.0	0.7	0.9	0.5	0.5	0.4	-1.00	1.00	
0.3	0.1	0.1	0.1	0.2	0.1	0.2	0.1	0.1	1.00	-1.00	
0.1	0.1	0.1	0.1	0.2	0.1	0.1	0.1	0.1	1.00	-1.00	
1.0	0.5	0.6	1.0	0.6	1.0	0.7	0.7	1.0	-1.00	1.00	
0.5	0.1	0.1	0.1	0.1	0.1	0.3	0.1	0.1	1.00	-1.00	
0.5	0.3	0.2	0.1	0.3	0.1	0.1	0.1	0.1	1.00	-1.00	
1.0	0.4	0.6	0.4	0.5	1.0	0.7	0.1	0.1	-1.00	1.00	
1.0	0.4	0.2	0.1	0.3	0.2	0.4	0.3	1.0	1.00	-1.00	
0.2	0.2	0.2	0.1	0.1	0.1	0.7	0.1	0.1	1.00	-1.00	
0.2	0.1	0.1	0.1	0.2	0.1	0.2	0.2	0.1	1.00	-1.00	
0.1	0.1	0.1	0.1	0.2	0.1	0.3	0.1	0.1	1.00	-1.00	
0.4	0.1	0.1	0.2	0.2	0.1	0.2	0.1	0.1	1.00	-1.00	
0.3	0.3	0.5	0.2	0.3	1.0	0.7	0.1	0.1	-1.00	1.00	
0.5	0.1	0.1	0.4	0.2	0.1	0.3	0.1	0.1	1.00	-1.00	
1.0	0.8	0.8	0.2	0.3	0.4	0.8	0.7	0.8	1.00	-1.00	
0.4	0.1	0.1	0.2	0.2	0.1	0.1	0.1	0.1	1.00	-1.00	
0.5	0.1	0.1	0.1	0.2	0.1	0.2	0.1	0.1	1.00	-1.00	
0.5	0.1	0.1	0.1	0.2	0.1	0.1	0.1	0.1	1.00	-1.00	
0.5	1.0	1.0	0.3	0.7	0.3	0.8	1.0	0.2	-1.00	1.00	
0.6	0.8	0.7	0.8	0.6	0.8	0.8	0.9	0.1	-1.00	1.00	
0.4	0.1	0.1	0.1	0.2	0.1	0.3	0.1	0.1	1.00	-1.00	
1.0	0.4	0.4	0.6	0.2	1.0	0.2	0.3	0.1	-1.00	1.00	
0.4	0.1	0.1	0.1	0.2	0.1	0.2	0.1	0.1	1.00	-1.00	
0.3	0.1	0.1	0.1	0.2	0.1	0.2	0.1	0.1	1.00	-1.00	
0.3	0.1	0.1	0.1	0.1	0.1	0.2	0.1	0.1	1.00	-1.00	
0.4	0.1	0.1	0.1	0.2	0.1	0.3	0.1	0.1	1.00	-1.00	
0.4	0.1	0.1	0.1	0.2	0.1	0.1	0.1	0.1	1.00	-1.00	
0.5	0.1	0.1	0.1	0.2	0.1	0.1	0.1	0.1	1.00	-1.00	
1.0	0.5	0.5	0.6	0.3	1.0	0.7	0.9	0.2	-1.00	1.00	
0.5	0.1	0.1	0.2	0.2	0.1	0.2	0.1	0.1	1.00	-1.00	
0.1	0.1	0.1	0.1	0.2	0.1	0.1	0.1	0.1	1.00	-1.00	
0.1	0.1	0.1	0.1	0.2	0.1	0.2	0.3	0.1	1.00	-1.00	
0.4	0.2	0.3	0.5	0.3	0.8	0.7	0.6	0.1	-1.00	1.00	
0.4	0.1	0.2	0.1	0.2	0.1	0.1	0.1	0.1	1.00	-1.00	
0.4	0.1	0.1	0.1	0.2	0.1	0.1	0.2	0.1	1.00	-1.00	
0.6	0.1	0.1	0.1	0.2	0.1	0.3	0.1	0.1	1.00	-1.00	
0.9	0.7	0.7	0.5	0.5	1.0	0.7	0.8	0.3	-1.00	1.00	
0.5	0.4	0.4	0.5	0.7	1.0	0.3	0.2	0.1	-1.00	1.00	
0.1	0.1	0.3	0.1	0.2	0.1	0.1	0.1	0.1	1.00	-1.00	
0.3	0.1	0.1	0.2	0.2	0.1	0.1	0.1	0.1	1.00	-1.00	
0.1	0.1	0.1	0.1	0.2	0.1	0.2	0.1	0.1	1.00	-1.00	
0.1	0.1	0.1	0.1	0.1	0.1	0.2	0.1	0.1	1.00	-1.00	
0.7	0.5	0.6	1.0	0.4	1.0	0.5	0.3	0.1	-1.00	1.00	
0.4	0.1	0.1	0.1	0.2	0.1	0.3	0.1	0.1	1.00	-1.00	
1.0	1.0	1.0	0.7	1.0	1.0	0.8	0.2	0.1	-1.00	1.00	
0.6	0.1	0.3	0.2	0.2	0.1	0.1	0.1	0.1	1.00	-1.00	
0.4	0.1	0.1	0.1	0.2	0.1	0.3	0.1	0.1	1.00	-1.00	
1.0	0.5	0.5	0.6	0.8	0.8	0.7	0.1	0.1	-1.00	1.00	
0.6	1.0	0.5	0.5	0.4	1.0	0.6	1.0	0.1	-1.00	1.00	
0.8	1.0	1.0	1.0	0.6	1.0	1.0	1.0	1.0	-1.00	1.00	
0.4	1.0	0.4	0.7	0.3	1.0	0.9	1.0	0.1	-1.00	1.00	
0.4	0.1	0.1	0.1	0.2	0.1	0.2	0.1	0.1	1.00	-1.00	
0.5	0.3	0.6	0.1	0.2	0.1	0.1	0.1	0.1	1.00	-1.00	
0.3	0.1	0.1	0.1	0.2	0.1	0.2	0.1	0.2	1.00	-1.00	
0.1	0.1	0.1	0.1	0.2	0.1	0.3	0.1	0.1	1.00	-1.00	
0.5	1.0	1.0	1.0	1.0	1.0	1.0	0.1	0.1	-1.00	1.00	
0.3	0.1	0.1	0.1	0.3	0.1	0.2	0.1	0.1	1.00	-1.00	
0.5	0.1	0.1	0.3	0.2	0.1	0.1	0.1	0.1	1.00	-1.00	
0.2	0.1	0.1	0.1	0.2	0.1	0.3	0.1	0.1	1.00	-1.00	
0.2	0.1	0.1	0.1	0.2	0.1	0.2	0.1	0.1	1.00	-1.00	
0.4	0.1	0.1	0.1	0.2	0.1	0.3	0.1	0.1	1.00	-1.00	
0.1	0.2	0.2	0.1	0.2	0.1	0.2	0.1	0.1	1.00	-1.00	
0.3	1.0	0.3	1.0	0.6	1.0	0.5	0.1	0.4	-1.00	1.00	
0.3	0.1	0.1	0.2	0.2	0.1	0.1	0.1	0.1	1.00	-1.00	
0.1	0.1	0.2	0.1	0.3	0.35	0.1	0.1	0.1	1.00	-1.00	
0.5	1.0	1.0	1.0	0.4	1.0	0.5	0.6	0.3	-1.00	1.00	
1.0	0.7	0.7	0.3	0.8	0.5	0.7	0.4	0.3	-1.00	1.00	
1.0	1.0	0.9	0.3	0.7	0.5	0.3	0.5	0.1	1.00	-1.00	
0.5	0.3	0.5	0.5	0.3	0.3	0.4	1.0	0.1	-1.00	1.00	
0.1	0.1	0.1	0.1	0.2	0.1	0.2	0.1	0.1	1.00	-1.00	
0.5	0.5	0.5	0.8	1.0	0.8	0.7	0.3	0.7	-1.00	1.00	
0.5	1.0	1.0	0.9	0.6	1.0	0.7	1.0	0.5	-1.00	1.00	
0.1	0.1	0.1	0.1	0.3	0.2	0.2	0.1	0.1	1.00	-1.00	
0.1	0.2	0.3	0.1	0.2	0.1	0.2	0.1	0.1	1.00	-1.00	
0.5	0.1	0.1	0.6	0.3	0.1	0.2	0.1	0.1	1.00	-1.00	
0.4	0.1	0.1	0.1	0.2	0.2	0.3	0.2	0.1	1.00	-1.00	
0.5	0.1	0.2	0.1	0.2	0.1	0.3	0.1	0.1	1.00	-1.00	
0.5	0.7	0.4	0.1	0.6	0.1	0.7	1.0	0.3	-1.00	1.00	
1.0	1.0	0.8	0.6	0.4	0.5	0.8	1.0	0.1	-1.00	1.00	
0.5	0.1	0.1	0.6	0.3	0.1	0.1	0.1	0.1	1.00	-1.00	
0.4	0.1	0.1	0.1	0.2	0.1	0.1	0.1	0.1	1.00	-1.00	
0.5	0.1	0.1	0.1	0.2	0.1	0.3	0.1	0.1	1.00	-1.00	
0.4	0.1	0.1	0.1	0.2	0.1	0.3	0.1	0.1	1.00	-1.00	
0.3	0.2	0.1	0.1	0.1	0.1	0.2	0.1	0.1	1.00	-1.00	
0.1	0.1	0.1	0.1	0.2	0.2	0.2	0.1	0.1	1.00	-1.00	
0.5	0.1	0.1	0.2	0.2	0.2	0.3	0.1	0.1	1.00	-1.00	
0.1	0.1	0.1	0.1	0.2	0.1	0.3	0.1	0.1	1.00	-1.00	
0.5	0.1	0.1	0.1	0.2	0.1	0.2	0.2	0.1	1.00	-1.00	
0.3	0.1	0.1	0.1	0.3	0.1	0.2	0.1	0.1	1.00	-1.00	
0.2	0.1	0.1	0.2	0.2	0.1	0.3	0.1	0.1	1.00	-1.00	
0.2	0.1	0.1	0.1	0.2	0.1	0.2	0.1	0.1	1.00	-1.00	
0.3	0.1	0.1	0.1	0.2	0.1	0.1	0.1	0.1	1.00	-1.00	
0.5	0.1	0.2	0.1	0.2	0.1	0.3	0.1	0.1	1.00	-1.00	
1.0	0.8	0.4	0.4	0.4	1.0	0.3	1.0	0.4	-1.00	1.00	
0.1	0.1	0.1	0.1	0.2	0.1	0.2	0.1	0.1	1.00	-1.00	
0.7	0.5	0.6	0.3	0.3	0.8	0.7	0.4	0.1	-1.00	1.00	
0.4	0.1	0.1	0.1	0.2	0.1	0.3	0.1	0.1	1.00	-1.00	
0.6	0.3	0.4	0.1	0.5	0.2	0.3	0.9	0.1	-1.00	1.00	
1.0	0.4	0.5	0.4	0.3	0.5	0.7	0.3	0.1	1.00	-1.00	
0.1	0.2	0.2	0.1	0.2	0.1	0.1	0.1	0.1	1.00	-1.00	
0.6	0.1	0.1	0.3	0.2	0.1	0.1	0.1	0.1	1.00	-1.00	
0.1	0.1	0.1	0.1	0.2	0.1	0.1	0.1	0.1	1.00	-1.00	
0.8	0.7	0.8	0.7	0.5	0.5	0.5	1.0	0.2	-1.00	1.00	
0.3	0.1	0.1	0.3	0.1	0.1	0.3	0.1	0.1	1.00	-1.00	
0.5	0.2	0.2	0.2	0.2	0.1	0.1	0.1	0.2	1.00	-1.00	
0.1	0.3	0.1	0.1	0.2	0.1	0.2	0.2	0.1	1.00	-1.00	
0.9	1.0	1.0	0.1	1.0	0.8	0.3	0.3	0.1	-1.00	1.00	
0.3	0.1	0.1	0.1	0.2	0.1	0.2	0.1	0.1	1.00	-1.00	
1.0	0.6	0.3	0.6	0.4	1.0	0.7	0.8	0.4	-1.00	1.00	
0.1	0.1	0.2	0.1	0.2	0.2	0.4	0.2	0.1	1.00	-1.00	
0.6	0.8	0.8	0.1	0.3	0.4	0.3	0.7	0.1	1.00	-1.00	
1.0	0.7	0.7	0.4	0.5	1.0	0.5	0.7	0.2	-1.00	1.00	
0.7	0.8	0.8	0.7	0.3	1.0	0.7	0.2	0.3	1.00	-1.00	
0.1	0.1	0.1	0.1	0.2	0.1	0.3	0.1	0.1	1.00	-1.00	
1.0	0.6	0.6	0.2	0.4	1.0	0.9	0.7	0.1	-1.00	1.00	
0.3	0.1	0.1	0.1	0.2	0.1	0.2	0.1	0.1	1.00	-1.00	
0.2	0.1	0.1	0.1	0.2	0.5	0.1	0.1	0.1	1.00	-1.00	
0.7	0.3	0.4	0.4	0.3	0.3	0.3	0.2	0.7	1.00	-1.00	
0.4	0.2	0.1	0.1	0.2	0.1	0.2	0.1	0.1	1.00	-1.00	
0.4	0.3	0.2	0.1	0.3	0.1	0.2	0.1	0.1	1.00	-1.00	
0.2	0.3	0.1	0.1	0.3	0.1	0.1	0.1	0.1	1.00	-1.00	
0.5	0.7	1.0	0.6	0.5	1.0	0.7	0.5	0.1	-1.00	1.00	
0.7	0.2	0.4	0.1	0.3	0.4	0.3	0.3	0.1	1.00	-1.00	
0.3	0.1	0.1	0.1	0.2	0.1	0.3	0.1	0.1	1.00	-1.00	
0.6	0.2	0.1	0.1	0.1	0.1	0.7	0.1	0.1	1.00	-1.00	
1.0	0.3	0.6	0.2	0.3	0.5	0.4	1.0	0.2	-1.00	1.00	
0.3	0.1	0.1	0.1	0.2	0.4	0.1	0.1	0.1	1.00	-1.00	
0.5	0.1	0.3	0.1	0.2	0.1	0.2	0.1	0.1	1.00	-1.00	
0.5	0.1	0.1	0.2	0.1	0.1	0.2	0.1	0.1	1.00	-1.00	
1.0	1.0	1.0	0.3	1.0	0.8	0.8	0.1	0.1	1.00	-1.00	
0.4	0.5	0.5	1.0	0.4	1.0	0.7	0.5	0.8	-1.00	1.00	
0.4	0.1	0.1	0.1	0.3	0.1	0.2	0.2	0.1	1.00	-1.00	
0.4	0.1	0.1	0.1	0.2	0.1	0.1	0.1	0.1	1.00	-1.00	
0.5	0.4	0.4	0.9	0.2	1.0	0.5	0.6	0.1	-1.00	1.00	
0.4	0.1	0.2	0.1	0.2	0.1	0.2	0.1	0.1	1.00	-1.00	
1.0	0.6	0.5	0.8	0.5	1.0	0.8	0.6	0.1	-1.00	1.00	
0.5	0.7	0.7	0.1	0.5	0.8	0.3	0.4	0.1	-1.00	1.00	
0.1	0.1	0.1	0.1	0.2	0.1	0.2	0.1	0.1	1.00	-1.00	
0.3	0.3	0.2	0.6	0.3	0.3	0.3	0.5	0.1	1.00	-1.00	
0.5	0.1	0.1	0.1	0.2	0.1	0.3	0.1	0.1	1.00	-1.00	
0.5	0.8	0.7	0.7	1.0	1.0	0.5	0.7	0.1	-1.00	1.00	
0.1	0.3	0.1	0.2	0.2	0.2	0.5	0.3	0.2	1.00	-1.00	
0.5	0.2	0.2	0.4	0.2	0.4	0.1	0.1	0.1	1.00	-1.00	
0.6	0.6	0.7	1.0	0.3	1.0	0.8	1.0	0.2	-1.00	1.00	
0.5	0.3	0.2	0.8	0.5	1.0	0.8	0.1	0.2	-1.00	1.00	
0.4	0.3	0.3	0.1	0.2	0.1	0.3	0.3	0.1	1.00	-1.00	
0.5	0.2	0.2	0.2	0.3	0.1	0.1	0.3	0.1	1.00	-1.00	
0.2	0.3	0.1	0.1	0.2	0.1	0.2	0.1	0.1	1.00	-1.00	
0.9	1.0	1.0	1.0	1.0	0.5	1.0	1.0	1.0	-1.00	1.00	
0.6	0.1	0.3	0.1	0.4	0.5	0.5	1.0	0.1	-1.00	1.00	
0.5	0.6	0.6	0.8	0.6	1.0	0.4	1.0	0.4	-1.00	1.00	
0.1	0.1	0.1	0.1	0.2	0.1	0.3	0.1	0.1	1.00	-1.00	
0.1	0.1	0.1	0.1	0.2	0.5	0.1	0.1	0.1	1.00	-1.00	
0.4	0.1	0.1	0.1	0.2	0.1	0.1	0.1	0.1	1.00	-1.00	
0.1	0.1	0.1	0.1	0.2	0.1	0.2	0.1	0.1	1.00	-1.00	
0.1	0.1	0.1	0.1	0.2	0.3	0.3	0.1	0.1	1.00	-1.00	
0.5	0.1	0.1	0.1	0.2	0.1	0.3	0.1	0.1	1.00	-1.00	
0.4	0.4	0.4	0.2	0.2	0.3	0.2	0.1	0.1	1.00	-1.00	
0.3	0.1	0.2	0.1	0.2	0.1	0.2	0.1	0.1	1.00	-1.00	
0.3	0.3	0.1	0.1	0.2	0.1	0.1	0.1	0.1	1.00	-1.00	
0.8	0.7	0.4	0.4	0.5	0.3	0.5	1.0	0.1	-1.00	1.00	
0.1	0.1	0.1	0.1	0.2	0.1	0.2	0.1	0.1	1.00	-1.00	
0.5	0.1	0.1	0.1	0.2	0.1	0.3	0.1	0.1	1.00	-1.00	
0.3	0.1	0.1	0.1	0.2	0.1	0.1	0.1	0.1	1.00	-1.00	
0.7	0.4	0.6	0.4	0.6	0.1	0.4	0.3	0.1	1.00	-1.00	
0.4	0.1	0.1	0.1	0.2	0.1	0.1	0.1	0.1	1.00	-1.00	
0.7	0.6	0.3	0.2	0.5	1.0	0.7	0.4	0.6	-1.00	1.00	
0.1	0.1	0.1	0.1	0.2	0.1	0.3	0.1	0.1	1.00	-1.00	
0.5	0.1	0.2	1.0	0.4	0.5	0.2	0.1	0.1	1.00	-1.00	
0.5	0.8	0.8	1.0	0.5	1.0	0.8	1.0	0.3	-1.00	1.00	
0.1	0.1	0.1	0.1	0.2	0.1	0.3	0.1	0.1	1.00	-1.00	
0.5	0.4	0.3	0.1	0.2	0.35	0.2	0.3	0.1	1.00	-1.00	
0.5	1.0	0.6	0.1	1.0	0.4	0.4	1.0	1.0	-1.00	1.00	
0.3	0.1	0.1	0.1	0.2	0.1	0.1	0.1	0.1	1.00	-1.00	
0.6	0.3	0.3	0.3	0.3	0.2	0.6	0.1	0.1	1.00	-1.00	
0.5	0.1	0.2	0.1	0.2	0.1	0.1	0.1	0.1	1.00	-1.00	
0.5	0.3	0.1	0.2	0.2	0.1	0.2	0.1	0.1	1.00	-1.00	
0.6	1.0	1.0	1.0	0.8	1.0	0.7	1.0	0.7	-1.00	1.00	
0.4	0.1	0.1	0.1	0.2	0.1	0.2	0.1	0.1	1.00	-1.00	
0.6	1.0	0.2	0.8	1.0	0.2	0.7	0.8	1.0	-1.00	1.00	
0.1	0.1	0.4	0.1	0.2	0.1	0.2	0.1	0.1	1.00	-1.00	
0.4	0.2	0.1	0.1	0.2	0.2	0.3	0.1	0.1	1.00	-1.00	
1.0	1.0	1.0	1.0	0.7	1.0	0.7	1.0	0.4	-1.00	1.00	
0.5	0.5	0.7	0.8	0.6	1.0	0.7	0.4	0.1	-1.00	1.00	
0.8	1.0	0.3	0.2	0.6	0.4	0.3	1.0	0.1	-1.00	1.00	
0.3	0.1	0.3	0.1	0.3	0.4	0.1	0.1	0.1	1.00	-1.00	
0.1	0.1	0.1	0.2	0.2	0.1	0.2	0.1	0.1	1.00	-1.00	
0.1	0.1	0.3	0.1	0.2	0.35	0.2	0.1	0.1	1.00	-1.00	
0.6	0.3	0.2	0.1	0.3	0.4	0.4	0.1	0.1	1.00	-1.00	
0.4	0.1	0.1	0.1	0.2	0.1	0.2	0.1	0.1	1.00	-1.00	
0.5	0.1	0.2	0.1	0.2	0.1	0.2	0.1	0.1	1.00	-1.00	
0.2	0.1	0.1	0.1	0.1	0.1	0.2	0.1	0.1	1.00	-1.00	
1.0	0.4	0.3	0.1	0.3	0.3	0.6	0.5	0.2	1.00	-1.00	
0.4	0.1	0.1	0.1	0.2	0.1	0.3	0.2	0.1	1.00	-1.00	
0.7	0.5	0.3	0.7	0.4	1.0	0.7	0.5	0.5	-1.00	1.00	
1.0	1.0	1.0	0.1	0.6	0.1	0.2	0.8	0.1	1.00	-1.00	
0.3	0.1	0.1	0.1	0.2	0.1	0.2	0.1	0.1	1.00	-1.00	
0.3	0.1	0.1	0.1	0.1	0.1	0.2	0.1	0.1	1.00	-1.00	
1.0	0.4	0.4	1.0	0.2	1.0	0.5	0.3	0.3	-1.00	1.00	
0.1	0.1	0.1	0.1	0.2	0.1	0.3	0.1	0.1	1.00	-1.00	
0.4	0.1	0.1	0.1	0.2	0.1	0.3	0.1	0.1	1.00	-1.00	
0.1	0.1	0.1	0.1	0.2	0.1	0.1	0.1	0.1	1.00	-1.00	
1.0	0.1	0.1	0.1	0.2	1.0	0.5	0.4	0.1	-1.00	1.00	
1.0	0.4	0.7	0.2	0.2	0.8	0.6	0.1	0.1	1.00	-1.00	
0.5	0.1	0.3	0.1	0.2	0.1	0.1	0.1	0.1	1.00	-1.00	
0.1	0.1	0.1	0.1	0.2	0.1	0.3	0.1	0.1	1.00	-1.00	
0.4	0.1	0.1	0.1	0.1	0.1	0.2	0.1	0.1	1.00	-1.00	
0.2	0.1	0.1	0.1	0.1	0.1	0.3	0.1	0.1	1.00	-1.00	
0.1	0.1	0.1	0.1	0.2	0.1	0.3	0.1	0.1	1.00	-1.00	
0.2	0.1	0.1	0.1	0.2	0.1	0.2	0.1	0.1	1.00	-1.00	
0.1	0.1	0.1	0.1	0.2	0.1	0.3	0.2	0.1	1.00	-1.00	
0.3	0.5	0.7	0.8	0.8	0.9	0.7	1.0	0.7	-1.00	1.00	
0.3	0.1	0.1	0.3	0.2	0.1	0.2	0.1	0.1	1.00	-1.00	
0.3	0.1	0.2	0.1	0.2	0.1	0.3	0.1	0.1	1.00	-1.00	
1.0	0.3	0.5	0.1	1.0	0.5	0.3	1.0	0.2	-1.00	1.00	
0.1	0.1	0.1	0.1	0.5	0.1	0.3	0.1	0.1	1.00	-1.00	
0.2	0.1	0.1	0.1	0.3	0.1	0.2	0.1	0.1	1.00	-1.00	
0.2	0.7	1.0	1.0	0.7	1.0	0.4	0.9	0.4	-1.00	1.00	
0.1	0.1	0.3	0.1	0.1	0.1	0.2	0.1	0.1	1.00	-1.00	
0.5	0.2	0.2	0.2	0.2	0.1	0.2	0.2	0.1	1.00	-1.00	
0.5	0.3	0.3	0.4	0.2	0.4	0.3	0.4	0.1	1.00	-1.00	
0.8	0.2	0.1	0.1	0.5	0.1	0.1	0.1	0.1	1.00	-1.00	
0.2	0.1	0.1	0.1	0.2	0.1	0.3	0.1	0.1	1.00	-1.00	
0.5	0.6	0.5	0.6	1.0	0.1	0.3	0.1	0.1	1.00	-1.00	
0.8	0.7	0.8	0.5	0.5	1.0	0.9	1.0	0.1	-1.00	1.00	
0.3	0.1	0.1	0.1	0.2	0.1	0.1	0.1	0.1	1.00	-1.00	
0.7	0.8	0.7	0.6	0.4	0.3	0.8	0.8	0.4	1.00	-1.00	
0.8	1.0	1.0	0.8	0.7	1.0	0.9	0.7	0.1	-1.00	1.00	
0.1	0.1	0.1	0.1	0.2	0.1	0.1	0.1	0.1	1.00	-1.00	
0.5	1.0	1.0	0.8	0.5	0.5	0.7	1.0	0.1	-1.00	1.00	
0.4	0.1	0.1	0.1	0.2	0.1	0.3	0.6	0.1	-1.00	1.00	
0.1	0.1	0.1	0.1	0.2	0.1	0.1	0.1	0.1	1.00	-1.00	
0.5	0.1	0.1	0.1	0.2	0.2	0.2	0.1	0.1	1.00	-1.00	
0.1	0.2	0.1	0.3	0.2	0.1	0.1	0.2	0.1	1.00	-1.00	
0.5	0.1	0.1	0.1	0.2	0.1	0.1	0.1	0.1	1.00	-1.00	
0.3	0.1	0.1	0.1	0.2	0.1	0.3	0.1	0.1	1.00	-1.00	
0.1	0.1	0.1	0.1	0.2	0.4	0.1	0.1	0.1	1.00	-1.00	
0.4	0.3	0.1	0.1	0.2	0.1	0.4	0.8	0.1	-1.00	1.00	
0.3	0.1	0.1	0.1	0.2	0.1	0.2	0.1	0.1	1.00	-1.00	
0.3	0.1	0.1	0.3	0.8	0.1	0.5	0.8	0.1	-1.00	1.00	
0.4	0.7	0.8	0.3	0.4	1.0	0.9	0.1	0.1	1.00	-1.00	
0.8	0.3	0.4	0.9	0.3	1.0	0.3	0.3	0.1	-1.00	1.00	
0.9	0.5	0.5	0.4	0.4	0.5	0.4	0.3	0.3	1.00	-1.00	
0.1	0.1	0.1	0.1	0.2	0.1	0.3	0.1	0.1	1.00	-1.00	
0.6	0.9	0.7	0.5	0.5	0.8	0.4	0.2	0.1	1.00	-1.00	
0.3	0.1	0.1	0.1	0.2	0.1	0.2	0.1	0.1	1.00	-1.00	
0.1	0.1	0.1	0.1	0.1	0.1	0.2	0.1	0.1	1.00	-1.00	
0.7	0.1	0.2	0.3	0.2	0.1	0.2	0.1	0.1	1.00	-1.00	
0.1	0.1	0.1	0.1	0.1	0.1	0.3	0.1	0.1	1.00	-1.00	
0.1	0.1	0.1	0.1	0.2	0.1	0.2	0.1	0.1	1.00	-1.00	
0.1	0.1	0.1	0.1	0.2	0.1	0.3	0.1	0.1	1.00	-1.00	
0.5	0.1	0.1	0.1	0.2	0.1	0.2	0.1	0.1	1.00	-1.00	
0.5	0.1	0.1	0.1	0.2	0.1	0.2	0.1	0.1	1.00	-1.00	
0.4	0.1	0.1	0.3	0.2	0.1	0.3	0.1	0.1	1.00	-1.00	
1.0	0.8	0.7	0.4	0.3	1.0	0.7	0.9	0.1	-1.00	1.00	
0.8	0.4	1.0	0.5	0.4	0.4	0.7	1.0	0.1	-1.00	1.00	
0.9	0.1	0.2	0.6	0.4	1.0	0.7	0.7	0.2	-1.00	1.00	
0.6	1.0	1.0	1.0	0.4	1.0	0.7	1.0	0.1	-1.00	1.00	
1.0	0.4	0.3	1.0	0.3	1.0	0.7	0.1	0.2	1.00	-1.00	
0.3	0.1	0.4	0.1	0.2	0.1	0.1	0.1	0.1	1.00	-1.00	
1.0	0.8	0.8	0.4	1.0	1.0	0.8	0.1	0.1	-1.00	1.00	
0.1	0.1	0.1	0.1	0.2	0.1	0.1	0.1	0.8	1.00	-1.00	
0.2	0.1	0.1	0.1	0.2	0.1	0.2	0.1	0.1	1.00	-1.00	
0.3	0.1	0.1	0.4	0.3	0.1	0.2	0.2	0.1	1.00	-1.00	
0.1	0.1	0.1	0.1	0.2	0.1	0.1	0.1	0.1	1.00	-1.00	
0.3	0.1	0.1	0.1	0.2	0.1	0.3	0.1	0.1	1.00	-1.00	
0.1	0.1	0.1	0.1	0.2	0.1	0.1	0.1	0.1	1.00	-1.00	
0.2	0.1	0.1	0.1	0.2	0.1	0.2	0.1	0.1	1.00	-1.00	
0.2	0.1	0.3	0.2	0.2	0.1	0.2	0.1	0.1	1.00	-1.00	
0.3	0.1	0.1	0.1	0.2	0.2	0.7	0.1	0.1	1.00	-1.00	
0.7	0.4	0.4	0.3	0.4	1.0	0.6	0.9	0.1	-1.00	1.00	
0.3	0.4	0.5	0.3	0.7	0.3	0.4	0.6	0.1	-1.00	1.00	
0.4	0.1	0.1	0.1	0.1	0.1	0.2	0.1	0.1	1.00	-1.00	
0.1	0.1	0.1	0.3	0.2	0.1	0.1	0.1	0.1	1.00	-1.00	
0.3	0.1	0.1	0.1	0.2	0.1	0.1	0.1	0.1	1.00	-1.00	
0.1	0.1	0.1	0.1	0.1	0.1	0.2	0.1	0.1	1.00	-1.00	
0.8	0.7	0.8	0.5	1.0	1.0	0.7	0.2	0.1	-1.00	1.00	
0.4	0.2	0.4	0.3	0.2	0.2	0.2	0.1	0.1	1.00	-1.00	
1.0	1.0	1.0	1.0	1.0	1.0	0.4	1.0	1.0	-1.00	1.00	
1.0	0.2	0.2	0.1	0.2	0.6	0.1	0.1	0.2	1.00	-1.00	
0.8	1.0	1.0	0.1	0.3	0.6	0.3	0.9	0.1	-1.00	1.00	
0.5	0.1	0.1	0.1	0.2	0.1	0.3	0.1	0.1	1.00	-1.00	
0.1	0.1	0.1	0.1	1.0	0.1	0.1	0.1	0.1	-1.00	1.00	
0.4	0.1	0.1	0.1	0.2	0.1	0.2	0.1	0.1	1.00	-1.00	
0.2	0.3	0.4	0.4	0.2	0.5	0.2	0.5	0.1	-1.00	1.00	
1.0	1.0	1.0	1.0	0.6	1.0	0.8	0.1	0.5	1.00	-1.00	
0.1	0.1	0.1	0.1	0.2	0.35	0.2	0.1	0.1	1.00	-1.00	
0.5	0.5	0.5	0.2	0.5	1.0	0.4	0.3	0.1	-1.00	1.00	
1.0	1.0	0.8	1.0	0.6	0.5	1.0	0.3	0.1	1.00	-1.00	
0.1	0.1	0.1	0.1	0.2	0.1	0.2	0.1	0.1	1.00	-1.00	
0.2	0.1	0.1	0.2	0.2	0.1	0.1	0.1	0.1	1.00	-1.00	
0.6	0.1	0.1	0.1	0.2	0.1	0.2	0.1	0.1	1.00	-1.00	
0.4	0.1	0.1	0.1	0.2	0.1	0.1	0.1	0.1	1.00	-1.00	
0.1	0.3	0.3	0.2	0.2	0.1	0.7	0.2	0.1	1.00	-1.00	
0.3	0.2	0.2	0.2	0.2	0.1	0.4	0.2	0.1	1.00	-1.00	
0.1	0.1	0.1	0.1	0.1	0.1	0.1	0.3	0.1	1.00	-1.00	
0.3	0.1	0.1	0.2	0.3	0.4	0.1	0.1	0.1	1.00	-1.00	
0.3	0.1	0.1	0.1	0.2	0.1	0.2	0.1	0.1	1.00	-1.00	
0.4	0.1	0.1	0.1	0.2	0.1	0.1	0.1	0.1	1.00	-1.00	
0.5	0.1	0.1	0.1	0.2	0.35	0.3	0.1	0.1	1.00	-1.00	
0.6	0.6	0.6	0.9	0.6	0.35	0.7	0.8	0.1	-1.00	1.00	
0.5	0.1	0.1	0.1	0.2	0.1	0.2	0.1	0.1	1.00	-1.00	
0.1	0.1	0.1	0.1	0.2	0.1	0.2	0.1	0.1	1.00	-1.00	
0.8	0.4	0.7	0.1	0.3	1.0	0.3	0.9	0.2	-1.00	1.00	
1.0	1.0	1.0	0.4	0.8	0.1	0.8	1.0	0.1	-1.00	1.00	
0.3	0.1	0.1	0.1	0.2	0.35	0.3	0.1	0.1	1.00	-1.00	
0.1	0.1	0.1	0.1	0.1	0.1	0.1	0.1	0.1	1.00	-1.00	
0.4	0.1	0.2	0.1	0.2	0.1	0.2	0.1	0.1	1.00	-1.00	
0.1	0.6	0.8	1.0	0.8	1.0	0.5	0.7	0.1	-1.00	1.00	
0.1	0.1	0.1	0.1	0.2	0.1	0.1	0.1	0.1	1.00	-1.00	
1.0	1.0	1.0	0.8	0.6	0.8	0.7	1.0	0.1	-1.00	1.00	
0.5	0.4	0.6	1.0	0.2	1.0	0.4	0.1	0.1	1.00	-1.00	
0.1	0.1	0.1	0.1	0.2	0.1	0.1	0.1	0.1	1.00	-1.00	
0.2	0.1	0.1	0.1	0.2	0.1	0.1	0.1	0.1	1.00	-1.00	
0.9	1.0	1.0	1.0	1.0	1.0	1.0	1.0	0.1	-1.00	1.00	
0.5	0.1	0.1	0.1	0.2	0.1	0.1	0.1	0.1	1.00	-1.00	
0.2	0.1	0.2	0.1	0.2	0.1	0.3	0.1	0.1	1.00	-1.00	
0.2	0.1	0.1	0.1	0.2	0.1	0.1	0.1	0.1	1.00	-1.00	
0.1	0.1	0.1	0.1	0.2	0.2	0.1	0.1	0.1	1.00	-1.00	
0.6	0.1	0.1	0.1	0.2	0.1	0.3	0.1	0.1	1.00	-1.00	
1.0	0.9	0.7	0.3	0.4	0.2	0.7	0.7	0.1	1.00	-1.00	
0.1	0.1	0.1	0.1	0.1	0.1	0.3	0.1	0.1	1.00	-1.00	
0.3	0.1	0.2	0.2	0.2	0.1	0.1	0.1	0.1	1.00	-1.00	
0.5	0.1	0.1	0.1	0.2	0.1	0.2	0.1	0.1	1.00	-1.00	
0.9	0.4	0.5	1.0	0.6	1.0	0.4	0.8	0.1	-1.00	1.00	
0.4	0.1	0.2	0.1	0.2	0.1	0.2	0.1	0.1	1.00	-1.00	
0.2	0.1	0.1	0.1	0.2	0.1	0.3	0.1	0.1	1.00	-1.00	
0.5	0.1	0.1	0.1	0.1	0.1	0.1	0.1	0.1	1.00	-1.00	
0.5	0.1	0.1	0.1	0.2	0.1	0.2	0.2	0.1	1.00	-1.00	
0.1	0.1	0.1	0.1	0.2	0.1	0.1	0.1	0.1	1.00	-1.00	
0.7	0.6	0.6	0.3	0.2	1.0	0.7	0.1	0.1	1.00	-1.00	
0.1	0.1	0.1	0.1	0.2	0.1	0.1	0.1	0.1	1.00	-1.00	
0.2	0.1	0.1	0.1	0.2	0.1	0.1	0.1	0.1	1.00	-1.00	
0.5	1.0	1.0	0.5	0.4	0.5	0.4	0.4	0.1	1.00	-1.00	
0.5	0.1	0.2	0.1	0.2	0.1	0.1	0.1	0.1	1.00	-1.00	
1.0	0.4	0.4	1.0	0.6	1.0	0.5	0.5	0.1	-1.00	1.00	
0.3	0.1	0.2	0.1	0.2	0.1	0.2	0.1	0.1	1.00	-1.00	
0.5	0.1	0.1	0.1	0.2	0.1	0.3	0.1	0.1	1.00	-1.00	
0.1	0.1	0.1	0.3	0.2	0.1	0.1	0.1	0.1	1.00	-1.00	
0.3	0.1	0.1	0.1	0.2	0.2	0.3	0.1	0.1	1.00	-1.00	
0.1	0.1	0.1	0.1	0.2	0.5	0.1	0.1	0.1	1.00	-1.00	
0.7	0.4	0.7	0.4	0.3	0.7	0.7	0.6	0.1	-1.00	1.00	
0.4	0.8	0.7	1.0	0.4	1.0	0.7	0.5	0.1	-1.00	1.00	
1.0	1.0	1.0	0.6	0.8	0.4	0.8	0.5	0.1	1.00	-1.00	
0.4	0.6	0.5	0.6	0.7	0.35	0.4	0.9	0.1	-1.00	1.00	
0.3	0.1	0.1	0.1	0.2	0.1	0.2	0.1	0.1	1.00	-1.00	
0.1	0.1	0.3	0.1	0.2	0.1	0.2	0.1	0.1	1.00	-1.00	
0.5	0.4	0.5	0.1	0.8	0.1	0.3	0.6	0.1	-1.00	1.00	
0.8	1.0	0.8	0.8	0.4	0.8	0.7	0.7	0.1	-1.00	1.00	
0.8	0.8	0.9	0.6	0.6	0.3	1.0	1.0	0.1	-1.00	1.00	
0.8	0.8	0.9	0.4	0.5	1.0	0.7	0.8	0.1	-1.00	1.00	
0.1	0.1	0.1	0.1	0.1	0.35	0.2	0.1	0.1	1.00	-1.00	
0.5	0.1	0.3	0.1	0.2	0.1	0.2	0.1	0.1	1.00	-1.00	
0.4	0.1	0.1	0.1	0.2	0.1	0.3	0.1	0.1	1.00	-1.00	
0.3	0.4	0.5	0.2	0.6	0.8	0.4	0.1	0.1	-1.00	1.00	
0.3	0.1	0.1	0.1	0.2	0.1	0.2	0.1	0.1	1.00	-1.00	
0.6	0.5	0.5	0.8	0.4	1.0	0.3	0.4	0.1	-1.00	1.00	
0.8	1.0	0.4	0.4	0.8	1.0	0.8	0.2	0.1	-1.00	1.00	
0.4	0.1	0.1	0.2	0.2	0.1	0.2	0.1	0.1	1.00	-1.00	
0.1	0.1	0.1	0.3	0.2	0.3	0.1	0.1	0.1	1.00	-1.00	
0.4	0.8	0.8	0.5	0.4	0.5	1.0	0.4	0.1	1.00	-1.00	
0.6	0.3	0.3	0.5	0.3	1.0	0.3	0.5	0.3	-1.00	1.00	
0.6	1.0	1.0	0.2	0.8	1.0	0.7	0.3	0.3	-1.00	1.00	
0.1	0.1	0.1	0.1	0.2	0.1	0.1	0.1	0.1	1.00	-1.00	
1.0	0.8	1.0	1.0	0.6	0.1	0.3	0.1	1.0	1.00	-1.00	
0.3	0.3	0.2	0.2	0.3	0.1	0.1	0.2	0.3	1.00	-1.00	
0.1	0.1	0.3	0.1	0.2	0.1	0.1	0.1	0.1	1.00	-1.00	
0.8	0.6	0.4	0.3	0.5	0.9	0.3	0.1	0.1	-1.00	1.00	
0.3	0.1	0.1	0.1	0.2	0.1	0.3	0.1	0.1	1.00	-1.00	
1.0	0.8	0.8	0.2	0.8	1.0	0.4	0.8	1.0	-1.00	1.00	
0.1	0.1	0.1	0.1	0.2	0.1	0.3	0.1	0.1	1.00	-1.00	
0.6	1.0	1.0	0.2	0.8	1.0	0.7	0.3	0.3	-1.00	1.00	
0.9	0.5	0.8	0.1	0.2	0.3	0.2	0.1	0.5	1.00	-1.00	
0.7	0.8	0.3	0.7	0.4	0.5	0.7	0.8	0.2	-1.00	1.00	
1.0	0.4	0.5	0.5	0.5	1.0	0.4	0.1	0.1	-1.00	1.00	
0.2	0.5	0.3	0.3	0.6	0.7	0.7	0.5	0.1	-1.00	1.00	
0.2	0.1	0.1	0.1	0.2	0.1	0.3	0.1	0.1	1.00	-1.00	
0.1	0.1	0.1	0.1	0.2	0.1	0.2	0.1	0.1	1.00	-1.00	
0.1	0.1	0.1	0.1	0.2	0.1	0.2	0.1	0.1	1.00	-1.00	
0.5	0.1	0.1	0.1	0.2	0.1	0.1	0.1	0.1	1.00	-1.00	
0.5	0.6	0.6	0.2	0.4	1.0	0.3	0.6	0.1	-1.00	1.00	
0.1	0.2	0.2	0.1	0.2	0.1	0.1	0.1	0.1	1.00	-1.00	
0.1	0.1	0.1	0.1	0.2	0.1	0.2	0.1	0.1	1.00	-1.00	
0.5	0.1	0.1	0.1	0.2	0.1	0.2	0.1	0.1	1.00	-1.00	
1.0	0.5	0.7	0.4	0.4	1.0	0.8	0.9	0.1	-1.00	1.00	
0.1	0.1	0.1	0.1	0.2	1.0	0.3	0.1	0.1	-1.00	1.00	
0.1	0.1	0.1	0.1	0.2	0.1	0.3	0.1	0.1	1.00	-1.00	
0.2	0.1	0.1	0.1	0.2	0.1	0.1	0.1	0.1	1.00	-1.00	
0.3	0.1	0.2	0.1	0.2	0.1	0.2	0.1	0.1	1.00	-1.00	
0.3	1.0	0.8	0.7	0.6	0.9	0.9	0.3	0.8	-1.00	1.00	
0.3	0.1	0.1	0.1	0.2	0.1	0.1	0.1	0.1	1.00	-1.00	
0.1	0.1	0.1	0.1	0.1	0.1	0.1	0.1	0.1	1.00	-1.00	
0.1	0.1	0.1	0.1	0.1	0.1	0.1	0.1	0.1	1.00	-1.00	
0.8	0.2	0.4	0.1	0.5	0.1	0.5	0.4	0.4	1.00	-1.00	
0.1	0.1	0.1	0.1	0.2	0.1	0.1	0.1	0.1	1.00	-1.00	
1.0	1.0	1.0	0.2	1.0	1.0	0.5	0.3	0.3	-1.00	1.00	
0.4	0.4	0.4	0.4	0.6	0.5	0.7	0.3	0.1	-1.00	1.00	
1.0	0.5	0.7	0.3	0.3	0.7	0.3	0.3	0.8	1.00	-1.00	
0.5	0.1	0.2	0.1	0.2	0.1	0.1	0.1	0.1	1.00	-1.00	
0.3	0.7	0.7	0.4	0.4	0.9	0.4	0.8	0.1	-1.00	1.00	
0.2	0.1	0.1	0.1	0.3	0.1	0.2	0.1	0.1	1.00	-1.00	
0.8	1.0	1.0	0.8	0.5	1.0	0.7	0.8	0.1	-1.00	1.00	
0.3	0.1	0.1	0.1	0.2	0.1	0.3	0.1	0.1	1.00	-1.00	
0.2	0.1	0.1	0.1	0.2	0.1	0.3	0.1	0.1	1.00	-1.00	
0.8	0.6	0.4	1.0	1.0	0.1	0.3	0.5	0.1	-1.00	1.00	
0.1	0.1	0.3	0.1	0.2	0.1	0.2	0.1	0.1	1.00	-1.00	
0.5	0.6	0.7	0.8	0.8	1.0	0.3	1.0	0.3	-1.00	1.00	
0.8	0.8	0.8	0.1	0.2	0.35	0.6	1.0	0.1	-1.00	1.00	
0.9	0.8	0.8	0.5	0.6	0.2	0.4	1.0	0.4	-1.00	1.00	
0.8	1.0	1.0	1.0	0.8	1.0	1.0	0.7	0.3	-1.00	1.00	
0.4	0.1	0.1	0.3	0.1	0.5	0.2	0.1	0.1	1.00	-1.00	
0.2	0.1	0.1	0.1	0.2	0.1	0.2	0.1	0.1	1.00	-1.00	
0.7	0.5	1.0	1.0	1.0	1.0	0.4	1.0	0.3	-1.00	1.00	
0.3	0.1	0.1	0.1	0.2	0.1	0.2	0.1	0.1	1.00	-1.00	
0.1	0.1	0.1	0.2	0.1	0.3	0.1	0.1	0.7	1.00	-1.00	
0.6	0.1	0.1	0.1	0.1	0.1	0.1	0.1	0.1	1.00	-1.00	
0.3	0.1	0.1	0.1	0.2	0.1	0.1	0.1	0.1	1.00	-1.00	
0.6	0.8	0.7	0.5	0.6	0.8	0.8	0.9	0.2	-1.00	1.00	
0.4	0.1	0.1	0.1	0.2	0.1	0.3	0.2	0.1	1.00	-1.00	
0.2	0.1	0.1	0.1	0.2	0.1	0.3	0.1	0.1	1.00	-1.00	
0.1	0.1	0.1	0.1	0.1	0.1	0.3	0.1	0.1	1.00	-1.00	
0.6	0.1	0.3	0.1	0.2	0.1	0.3	0.1	0.1	1.00	-1.00	
0.3	0.3	0.5	0.2	0.3	1.0	0.7	0.1	0.1	-1.00	1.00	
0.5	0.1	0.1	0.1	0.2	0.1	0.3	0.1	0.1	1.00	-1.00	
0.2	0.1	0.1	0.2	0.2	0.1	0.3	0.1	0.1	1.00	-1.00	
0.3	0.1	0.1	0.1	0.2	0.1	0.2	0.1	0.1	1.00	-1.00	
0.6	1.0	1.0	1.0	0.8	1.0	1.0	1.0	0.7	-1.00	1.00	
0.1	0.1	0.1	0.1	0.2	0.1	0.1	0.1	0.1	1.00	-1.00	
0.3	0.1	0.1	0.1	0.2	0.1	0.1	0.1	0.1	1.00	-1.00	
0.1	0.1	0.1	0.1	0.2	0.1	0.3	0.1	0.1	1.00	-1.00	
0.1	0.1	0.1	0.1	0.2	0.1	0.1	0.1	0.1	1.00	-1.00	
0.7	0.3	0.2	1.0	0.5	1.0	0.5	0.4	0.4	-1.00	1.00	
0.4	0.2	0.2	0.1	0.2	0.1	0.2	0.1	0.1	1.00	-1.00	
0.1	0.1	0.1	0.1	0.2	0.1	0.3	0.1	0.1	1.00	-1.00	
0.8	1.0	1.0	1.0	0.7	0.5	0.4	0.8	0.7	-1.00	1.00	
0.3	0.1	0.1	0.1	0.2	0.1	0.3	0.1	0.1	1.00	-1.00	
0.1	0.1	0.1	0.1	0.2	0.1	0.3	0.1	0.1	1.00	-1.00	
0.3	0.6	0.6	0.6	0.5	1.0	0.6	0.8	0.3	-1.00	1.00	
0.3	0.1	0.1	0.1	0.2	0.1	0.1	0.1	0.1	1.00	-1.00	
0.3	0.1	0.3	0.1	0.2	0.35	0.2	0.1	0.1	1.00	-1.00	
0.8	0.8	0.7	0.4	1.0	1.0	0.7	0.8	0.7	-1.00	1.00	
0.8	1.0	1.0	0.7	1.0	1.0	0.7	0.3	0.8	-1.00	1.00	
0.3	0.1	0.1	0.1	0.2	0.1	0.3	0.1	0.1	1.00	-1.00	
0.1	0.1	0.2	0.1	0.2	0.1	0.2	0.1	0.1	1.00	-1.00	
0.1	0.1	0.1	0.1	0.2	0.1	0.1	0.1	0.1	1.00	-1.00	
0.2	0.1	0.1	0.1	0.2	0.1	0.3	0.1	0.1	1.00	-1.00	
0.1	0.1	0.1	0.1	0.2	0.1	0.2	0.1	0.1	1.00	-1.00	
0.4	0.1	0.1	0.3	0.2	0.1	0.3	0.1	0.1	1.00	-1.00	
0.4	0.1	0.1	0.1	0.2	0.1	0.2	0.1	0.1	1.00	-1.00	
0.9	0.5	0.5	0.2	0.2	0.2	0.5	0.1	0.1	1.00	-1.00	
0.3	0.3	0.6	0.4	0.5	0.8	0.4	0.4	0.1	-1.00	1.00	
0.7	0.5	0.6	1.0	0.5	1.0	0.7	0.9	0.4	-1.00	1.00	
0.3	0.1	0.1	0.1	0.2	0.1	0.2	0.1	0.1	1.00	-1.00	
0.5	1.0	1.0	1.0	0.5	0.2	0.8	0.5	0.1	1.00	-1.00	
0.3	0.1	0.1	0.1	0.3	0.2	0.1	0.1	0.1	1.00	-1.00	
0.5	0.1	0.1	0.3	0.4	0.1	0.3	0.2	0.1	1.00	-1.00	
0.3	0.1	0.1	0.1	0.2	0.1	0.2	0.3	0.1	1.00	-1.00	
0.1	0.1	0.1	0.1	0.2	0.1	0.1	0.1	0.1	1.00	-1.00	
0.2	0.1	0.1	0.1	0.2	0.1	0.1	0.1	0.1	1.00	-1.00	
0.5	0.1	0.2	0.1	0.2	0.1	0.3	0.1	0.1	1.00	-1.00	
0.5	1.0	1.0	0.3	0.8	0.1	0.5	1.0	0.3	-1.00	1.00	
0.1	0.2	0.3	0.1	0.2	0.1	0.1	0.1	0.1	1.00	-1.00	
0.2	0.1	0.1	0.1	0.2	0.1	0.1	0.1	0.1	1.00	-1.00	
1.0	0.5	0.5	0.3	0.6	0.7	0.7	1.0	0.1	-1.00	1.00	
0.5	0.4	0.6	0.6	0.4	1.0	0.4	0.3	0.1	-1.00	1.00	
0.2	0.1	0.1	0.1	0.2	0.1	0.1	0.1	0.1	1.00	-1.00	
0.3	0.1	0.1	0.1	0.2	0.1	0.2	0.1	0.1	1.00	-1.00	
0.6	1.0	0.7	0.7	0.6	0.4	0.8	1.0	0.2	-1.00	1.00	
0.2	0.1	0.1	0.2	0.3	0.1	0.2	0.1	0.1	1.00	-1.00	
0.1	0.1	0.1	0.1	0.2	0.1	0.1	0.1	0.1	1.00	-1.00	
0.1	0.1	0.1	0.1	0.2	0.5	0.5	0.1	0.1	1.00	-1.00	
0.5	0.4	0.6	0.7	0.9	0.7	0.8	1.0	0.1	-1.00	1.00	
Y1	W1: 41928209948285276515190781867349800124579041919131916164167867967040898469731491157823839088702778135130098126172316283496801346567507311119277400259855002061541367535289540637817330346010301092680732382330880.00000	W2: 145377413254621019420278841849593817332467598829710359363910415492061675854075269201341141803509899981495740317889873176731530147226040091988754769592375095855551326648435080932072410093249938983136697513934848.00000	W3: 150051304354345316247014048110558924929328973448112388034791355265952812051073320246864727488173236638946556891218441544814606613993501581155635290917973737566056015791301013033272981864624449613272085310734336.00000	W4: 67626232757036229832149396392671942631631450631840957798746736754320369728135738021886597602556130899485772791521858621293932269953114996362298984441546454661278277957601499080971836283904183167763423357304832.00000	W5: -371079141916364135017238465621199349621183152879364152200965900224832325043000257194780425821880841782015275112554185146734523772933973396850941256659570562285738062640101660441838368232797142812338587317567488.00000	W6: -329377330139165890199515098223485238672961557257948864287765337525057691052574651592984421546551856222647098806725186413926778964345138168284977782504106357317061687664666477256169818357951513122030932096712704.00000	W7: 41079376499191024468187652947340281594889544298830357154774885690219959206612384228112929135406787819181421362550953541624591035614440408836036083650657649454919993211752347363961374217146412015018663028457472.00000	W8: -423790881292246914481827225549462839676321744668424750183078805901634726287052895546591565246699150825923278563499714043278889390566381678781398722494547478791039459926564132853537074109323955335313026566848512.00000	W9: -42124188614400206561270239699432029978562087001564628523090010496651366026966592047685338678255207510978489732537753713460389954336632637134618037192793042289284771671398980676996323044173072608336728628920320.00000	W10: 293691243005397483049976621621554460055941765228715374267783191894865934659697530119624634712377523880314234296383997286613375159129948478371287284522706479658466423851393714303676963596099925451044376643895296.00000	
Y2	W1: -41333295470509900938948634513030250205861862026691546667940193375783643376999429906921133487598290946359608547218186823892872923120602284881061426999784361452948877553841297826588497321389691283536370338889728.00000	W2: -143314670104044802634871694365691698241092399499646320818340405700375629865663297491217687645006912796958401605546370208696125017550467669130852990647100481817570518790559108870818310169180162160917730713141248.00000	W3: -147922243908415796936237092511560639086218332956178987964151064414844952297657003047674625638703652738976872478936443191251400605522675596203088659904197798328719644981336491755130055301129173613993973518434304.00000	W4: -66666692032683750148867902106905316734457621779900665403710620000537894395865319809639884136636368159692625609953545322853356331692760384448821048204514049770434283302709987120368216916532442252940839722418176.00000	W5: 365813943278051256680055849987441743780632814556213724957097704239550303037672762505832551735046936858544039493381159789618575184610887129560025040930632531021673363614466857442632281779068453659775644981002240.00000	W6: 324703833641400851957977235173379253834517208069628831950828901663875252197257930797205998246152951922696096800502827771368522044261389850339809294191209097434891131096793645382497914114144573784579392048988160.00000	W7: -40496506020162530226559134239504653463253890031855912770944812904794464748815536003718279970544787371181524925486636772432044057176564870320699114505162228778938693874999301471964386080579458327976797594976256.00000	W8: 417777761935588402702202404666531137004297635748610707427351837602010648512228739141401790337601932114781046623502790392521688024989372930591029371857203505384086890584414665323031066909761602362245450259496960.00000	W9: 41526493418202602632030699883906427630478240160952147626016283942513457535809664397591227658312718140897887770299380201895924276437616026130187800897271113917123974032265574279813217910325361808500514187378688.00000	W10: -289524092233271734960375621583433873870177176136213827000834635246206531883857027967530092503996509589579543153186321732633840501147964914635943200794767129961660354481000359371483370499858928298359593438806016.00000	
Porcentaje de aciertos: 90.35714285714286%
