X1	X2	X3	X4	X5	X6	X7	X8	X9	Y1	Y2	
0.8	1.0	0.8	0.8	0.4	0.8	0.7	0.7	0.1	-1.00	1.00	
0.6	1.0	1.0	1.0	0.8	1.0	0.7	1.0	0.7	-1.00	1.00	
0.2	0.3	0.1	0.1	0.2	0.1	0.2	0.1	0.1	-1.00	1.00	
0.3	0.1	0.1	0.1	0.3	0.1	0.2	0.1	0.1	-1.00	1.00	
1.0	0.4	0.2	0.1	0.3	0.2	0.4	0.3	1.0	-1.00	1.00	
0.3	0.3	0.5	0.2	0.3	1.0	0.7	0.1	0.1	-1.00	1.00	
0.2	0.1	0.1	0.2	0.3	0.1	0.2	0.1	0.1	-1.00	1.00	
0.8	0.7	0.8	0.5	0.5	1.0	0.9	1.0	0.1	-1.00	1.00	
0.4	0.1	0.1	0.1	0.2	0.1	0.2	0.1	0.1	-1.00	1.00	
0.4	0.4	0.2	0.1	0.2	0.5	0.2	0.1	0.2	-1.00	1.00	
0.5	0.1	0.1	0.3	0.2	0.1	0.1	0.1	0.1	-1.00	1.00	
1.0	0.8	1.0	1.0	0.6	0.1	0.3	0.1	1.0	-1.00	1.00	
0.5	1.0	0.8	1.0	0.8	1.0	0.3	0.6	0.3	-1.00	1.00	
0.1	0.1	0.1	0.1	0.2	0.1	0.1	0.1	0.1	-1.00	1.00	
0.5	0.5	0.5	0.2	0.5	1.0	0.4	0.3	0.1	-1.00	1.00	
1.0	0.5	1.0	0.3	0.5	0.8	0.7	0.8	0.3	-1.00	1.00	
0.5	0.1	0.1	0.1	0.1	0.1	0.1	0.1	0.1	-1.00	1.00	
0.1	0.1	0.1	0.1	0.1	0.1	0.1	0.1	0.1	-1.00	1.00	
0.2	0.1	0.1	0.1	0.1	0.1	0.2	0.1	0.1	-1.00	1.00	
0.8	0.6	0.4	1.0	1.0	0.1	0.3	0.5	0.1	-1.00	1.00	
0.5	0.5	0.7	0.8	0.6	1.0	0.7	0.4	0.1	-1.00	1.00	
0.3	0.1	0.1	0.1	0.2	0.1	0.2	0.3	0.1	-1.00	1.00	
0.1	0.1	0.1	0.1	0.2	0.1	0.1	0.1	0.1	-1.00	1.00	
0.4	0.1	0.1	0.1	0.2	0.1	0.1	0.1	0.1	-1.00	1.00	
0.8	0.4	1.0	0.5	0.4	0.4	0.7	1.0	0.1	-1.00	1.00	
0.3	0.1	0.1	0.1	0.2	0.1	0.1	0.1	0.1	-1.00	1.00	
0.8	0.3	0.8	0.3	0.4	0.9	0.8	0.9	0.8	-1.00	1.00	
0.1	0.1	0.1	0.1	0.2	0.1	0.1	0.1	0.1	-1.00	1.00	
0.5	0.1	0.3	0.1	0.2	0.1	0.2	0.1	0.1	-1.00	1.00	
0.8	1.0	1.0	0.8	0.7	1.0	0.9	0.7	0.1	-1.00	1.00	
0.5	0.2	0.2	0.2	0.2	0.2	0.3	0.2	0.2	-1.00	1.00	
0.8	0.7	0.8	0.2	0.4	0.2	0.5	1.0	0.1	-1.00	1.00	
0.5	0.1	0.2	0.1	0.2	0.1	0.3	0.1	0.1	-1.00	1.00	
0.5	0.1	0.1	0.1	0.2	0.1	0.1	0.1	0.1	-1.00	1.00	
0.3	0.2	0.2	0.3	0.2	0.1	0.1	0.1	0.1	-1.00	1.00	
0.5	0.3	0.2	0.8	0.5	1.0	0.8	0.1	0.2	-1.00	1.00	
0.5	1.0	1.0	0.9	0.6	1.0	0.7	1.0	0.5	-1.00	1.00	
0.3	0.1	0.1	0.1	0.2	0.1	0.1	0.1	0.1	-1.00	1.00	
0.4	0.1	0.1	0.1	0.3	0.1	0.1	0.1	0.1	-1.00	1.00	
0.8	0.7	0.5	1.0	0.7	0.9	0.5	0.5	0.4	-1.00	1.00	
0.3	0.1	0.2	0.1	0.2	0.1	0.2	0.1	0.1	-1.00	1.00	
1.0	0.6	0.6	0.2	0.4	1.0	0.9	0.7	0.1	-1.00	1.00	
0.5	0.2	0.3	0.1	0.6	1.0	0.5	0.1	0.1	-1.00	1.00	
0.5	0.8	0.9	0.4	0.3	1.0	0.7	0.1	0.1	-1.00	1.00	
0.8	0.4	0.5	0.1	0.2	0.35	0.7	0.3	0.1	-1.00	1.00	
0.4	0.1	0.1	0.1	0.2	0.1	0.2	0.1	0.1	-1.00	1.00	
0.6	1.0	1.0	1.0	1.0	1.0	0.8	1.0	1.0	-1.00	1.00	
0.5	0.1	0.1	0.1	0.2	0.1	0.1	0.1	0.1	-1.00	1.00	
1.0	1.0	0.6	0.3	0.3	1.0	0.4	0.3	0.2	-1.00	1.00	
0.3	0.1	0.1	0.3	0.2	0.1	0.1	0.1	0.1	-1.00	1.00	
0.1	0.1	0.2	0.2	0.2	0.1	0.3	0.1	0.1	-1.00	1.00	
0.6	0.9	0.7	0.5	0.5	0.8	0.4	0.2	0.1	-1.00	1.00	
0.5	0.1	0.2	0.1	0.2	0.1	0.2	0.1	0.1	-1.00	1.00	
0.1	0.1	0.1	0.1	0.2	0.1	0.3	0.1	0.1	-1.00	1.00	
0.5	0.1	0.1	0.1	0.2	0.1	0.3	0.1	0.1	-1.00	1.00	
1.0	1.0	0.8	1.0	0.6	0.5	1.0	0.3	0.1	-1.00	1.00	
1.0	0.9	0.8	0.7	0.6	0.4	0.7	1.0	0.3	-1.00	1.00	
0.1	0.1	0.1	0.1	0.2	0.1	0.1	0.1	0.1	-1.00	1.00	
0.7	0.4	0.7	0.4	0.3	0.7	0.7	0.6	0.1	-1.00	1.00	
0.3	0.1	0.1	0.2	0.3	0.4	0.1	0.1	0.1	-1.00	1.00	
0.4	0.1	0.1	0.1	0.1	0.1	0.2	0.1	0.1	-1.00	1.00	
0.3	0.1	0.2	0.1	0.2	0.1	0.3	0.1	0.1	-1.00	1.00	
0.9	0.8	0.8	0.9	0.6	0.3	0.4	0.1	0.1	-1.00	1.00	
0.1	0.1	0.1	0.1	0.2	0.1	0.1	0.1	0.1	-1.00	1.00	
0.3	0.2	0.2	0.3	0.2	0.3	0.3	0.1	0.1	-1.00	1.00	
1.0	1.0	1.0	0.7	1.0	1.0	0.8	0.2	0.1	-1.00	1.00	
0.1	0.1	0.1	0.1	0.2	0.1	0.1	0.1	0.1	-1.00	1.00	
0.1	0.1	0.1	0.1	0.2	0.1	0.1	0.1	0.1	-1.00	1.00	
0.6	0.1	0.1	0.3	0.2	0.1	0.1	0.1	0.1	-1.00	1.00	
0.2	0.1	0.1	0.1	0.2	0.1	0.1	0.1	0.1	-1.00	1.00	
0.1	0.1	0.1	0.1	0.2	0.1	0.3	0.1	0.1	-1.00	1.00	
0.5	0.3	0.3	0.3	0.6	1.0	0.3	0.1	0.1	-1.00	1.00	
0.4	0.7	0.8	0.3	0.4	1.0	0.9	0.1	0.1	-1.00	1.00	
0.1	0.1	0.1	0.1	0.1	0.35	0.2	0.1	0.1	-1.00	1.00	
0.4	0.1	0.1	0.1	0.1	0.1	0.2	0.1	0.1	-1.00	1.00	
0.5	0.1	0.1	0.1	0.2	0.1	0.3	0.1	0.1	-1.00	1.00	
0.3	0.2	0.1	0.1	0.2	0.2	0.3	0.1	0.1	-1.00	1.00	
0.5	0.2	0.2	0.4	0.2	0.4	0.1	0.1	0.1	-1.00	1.00	
0.4	0.1	0.1	0.1	0.2	0.1	0.3	0.1	0.1	-1.00	1.00	
0.2	0.1	0.1	0.2	0.2	0.1	0.3	0.1	0.1	-1.00	1.00	
0.5	0.1	0.1	0.1	0.2	0.1	0.2	0.1	0.1	-1.00	1.00	
0.3	0.1	0.1	0.1	0.2	0.1	0.3	0.1	0.1	-1.00	1.00	
0.6	0.1	0.1	0.1	0.2	0.1	0.2	0.1	0.1	-1.00	1.00	
1.0	0.8	0.8	0.2	0.8	1.0	0.4	0.8	1.0	-1.00	1.00	
0.5	0.6	0.7	0.8	0.8	1.0	0.3	1.0	0.3	-1.00	1.00	
0.8	1.0	1.0	1.0	0.5	1.0	0.8	1.0	0.6	-1.00	1.00	
0.4	0.1	0.1	0.1	0.2	0.1	0.3	0.1	0.1	-1.00	1.00	
0.5	0.1	0.2	0.1	0.2	0.1	0.1	0.1	0.1	-1.00	1.00	
1.0	0.4	0.3	1.0	0.3	1.0	0.7	0.1	0.2	-1.00	1.00	
0.7	0.5	0.6	1.0	0.5	1.0	0.7	0.9	0.4	-1.00	1.00	
0.2	0.1	0.1	0.1	0.2	0.1	0.1	0.1	0.1	-1.00	1.00	
0.5	0.1	0.1	0.1	0.2	0.1	0.3	0.1	0.1	-1.00	1.00	
0.1	0.1	0.1	0.1	0.2	0.1	0.3	0.1	0.1	-1.00	1.00	
0.2	0.1	0.1	0.1	0.2	0.1	0.1	0.1	0.1	-1.00	1.00	
1.0	0.6	0.4	0.3	1.0	1.0	0.9	1.0	0.1	-1.00	1.00	
0.5	0.1	0.4	0.1	0.2	0.1	0.3	0.2	0.1	-1.00	1.00	
0.1	0.1	0.1	0.1	0.3	0.1	0.1	0.1	0.1	-1.00	1.00	
0.2	0.5	0.7	0.6	0.4	1.0	0.7	0.6	0.1	-1.00	1.00	
0.5	0.1	0.1	0.1	0.2	0.1	0.1	0.1	0.1	-1.00	1.00	
0.3	0.1	0.1	0.1	0.2	0.1	0.2	0.1	0.1	-1.00	1.00	
0.2	0.1	0.1	0.1	0.2	0.1	0.3	0.1	0.1	-1.00	1.00	
0.9	0.6	0.9	0.2	1.0	0.6	0.2	0.9	1.0	-1.00	1.00	
0.3	0.1	0.1	0.1	0.2	0.1	0.3	0.1	0.1	-1.00	1.00	
0.1	0.1	0.3	0.1	0.1	0.1	0.2	0.1	0.1	-1.00	1.00	
0.4	0.6	0.5	0.6	0.7	0.35	0.4	0.9	0.1	-1.00	1.00	
0.3	0.1	0.4	0.1	0.2	0.1	0.1	0.1	0.1	-1.00	1.00	
0.5	0.1	0.1	0.1	0.2	0.1	0.2	0.2	0.1	-1.00	1.00	
0.5	0.3	0.5	0.5	0.3	0.3	0.4	1.0	0.1	-1.00	1.00	
0.5	0.3	0.1	0.1	0.2	0.1	0.1	0.1	0.1	-1.00	1.00	
0.5	0.1	0.3	0.3	0.2	0.2	0.2	0.3	0.1	-1.00	1.00	
0.4	0.1	0.1	0.1	0.2	0.1	0.1	0.1	0.1	-1.00	1.00	
0.9	1.0	1.0	1.0	1.0	1.0	1.0	1.0	0.1	-1.00	1.00	
0.4	0.8	0.8	0.5	0.4	0.5	1.0	0.4	0.1	-1.00	1.00	
0.3	0.1	0.1	0.1	0.2	0.4	0.1	0.1	0.1	-1.00	1.00	
0.1	0.1	0.1	0.3	0.2	0.1	0.1	0.1	0.1	-1.00	1.00	
0.5	0.1	0.1	0.1	0.2	0.35	0.3	0.1	0.1	-1.00	1.00	
0.4	0.3	0.2	0.1	0.3	0.1	0.2	0.1	0.1	-1.00	1.00	
0.1	0.1	0.2	0.1	0.2	0.1	0.2	0.1	0.1	-1.00	1.00	
0.7	0.8	0.7	0.6	0.4	0.3	0.8	0.8	0.4	-1.00	1.00	
0.5	0.1	0.3	0.1	0.2	0.1	0.1	0.1	0.1	-1.00	1.00	
0.1	0.1	0.1	0.1	0.2	0.1	0.2	0.1	0.1	-1.00	1.00	
0.3	0.2	0.1	0.2	0.2	0.1	0.3	0.1	0.1	-1.00	1.00	
0.1	0.1	0.1	0.1	0.2	0.5	0.1	0.1	0.1	-1.00	1.00	
0.3	0.1	0.1	0.1	0.2	0.1	0.2	0.1	0.1	-1.00	1.00	
0.1	0.2	0.3	0.1	0.2	0.1	0.3	0.1	0.1	-1.00	1.00	
0.5	0.1	0.1	0.1	0.2	0.1	0.3	0.2	0.1	-1.00	1.00	
0.1	0.1	0.1	0.1	0.1	0.1	0.3	0.1	0.1	-1.00	1.00	
0.1	0.5	0.8	0.6	0.5	0.8	0.7	1.0	0.1	-1.00	1.00	
0.1	0.1	0.1	0.1	0.2	0.1	0.2	0.1	0.1	-1.00	1.00	
0.4	0.1	0.1	0.1	0.2	0.1	0.3	0.1	0.1	-1.00	1.00	
0.5	0.2	0.2	0.2	0.2	0.1	0.1	0.1	0.2	-1.00	1.00	
0.3	1.0	0.7	0.8	0.5	0.8	0.7	0.4	0.1	-1.00	1.00	
0.1	0.1	0.1	0.1	0.2	0.1	0.1	0.1	0.1	-1.00	1.00	
0.4	0.1	0.2	0.1	0.2	0.1	0.3	0.1	0.1	-1.00	1.00	
0.2	0.1	0.1	0.1	0.2	0.5	0.1	0.1	0.1	-1.00	1.00	
0.3	0.3	0.6	0.4	0.5	0.8	0.4	0.4	0.1	-1.00	1.00	
0.7	0.6	0.6	0.3	0.2	1.0	0.7	0.1	0.1	-1.00	1.00	
0.6	0.8	0.8	0.1	0.3	0.4	0.3	0.7	0.1	-1.00	1.00	
0.5	0.1	0.1	0.2	0.2	0.2	0.3	0.1	0.1	-1.00	1.00	
0.5	0.3	0.3	0.3	0.2	0.3	0.4	0.4	0.1	-1.00	1.00	
0.1	0.1	0.1	0.1	0.2	0.1	0.2	0.1	0.1	-1.00	1.00	
0.5	0.1	0.1	0.1	0.2	0.2	0.3	0.3	0.1	-1.00	1.00	
0.2	0.1	0.1	0.1	0.2	0.1	0.3	0.1	0.1	-1.00	1.00	
0.3	0.1	0.1	0.1	0.2	0.1	0.1	0.1	0.1	-1.00	1.00	
0.7	0.4	0.6	0.4	0.6	0.1	0.4	0.3	0.1	-1.00	1.00	
0.2	0.1	0.1	0.1	0.3	0.1	0.2	0.1	0.1	-1.00	1.00	
0.4	0.1	0.1	0.1	0.2	0.1	0.2	0.1	0.1	-1.00	1.00	
0.5	0.3	0.4	0.1	0.8	1.0	0.4	0.9	0.1	-1.00	1.00	
0.1	0.1	0.1	0.1	0.2	0.1	0.3	0.1	0.1	-1.00	1.00	
0.5	0.4	0.6	0.7	0.9	0.7	0.8	1.0	0.1	-1.00	1.00	
0.4	0.1	0.1	0.2	0.2	0.1	0.2	0.1	0.1	-1.00	1.00	
0.1	0.1	0.1	0.1	0.1	0.1	0.3	0.1	0.1	-1.00	1.00	
0.8	0.2	0.4	0.1	0.5	0.1	0.5	0.4	0.4	-1.00	1.00	
0.5	0.8	0.8	1.0	0.5	1.0	0.8	1.0	0.3	-1.00	1.00	
0.3	0.1	0.1	0.1	0.1	0.1	0.1	0.1	0.1	-1.00	1.00	
0.5	0.1	0.1	0.6	0.3	0.1	0.1	0.1	0.1	-1.00	1.00	
0.1	0.1	0.1	0.1	0.2	0.1	0.2	0.1	0.1	-1.00	1.00	
0.4	0.1	0.1	0.1	0.2	0.1	0.1	0.1	0.1	-1.00	1.00	
1.0	0.7	0.7	0.6	0.4	1.0	0.4	0.1	0.2	-1.00	1.00	
0.5	0.1	0.1	0.1	0.2	0.1	0.2	0.1	0.1	-1.00	1.00	
0.2	0.1	0.3	0.2	0.2	0.1	0.2	0.1	0.1	-1.00	1.00	
0.1	0.1	0.1	0.1	0.2	0.1	0.1	0.1	0.1	-1.00	1.00	
0.3	0.1	0.1	0.1	0.2	0.1	0.2	0.1	0.1	-1.00	1.00	
0.4	0.1	0.1	0.1	0.2	0.1	0.2	0.1	0.1	-1.00	1.00	
0.4	0.1	0.1	0.1	0.2	0.1	0.1	0.1	0.1	-1.00	1.00	
0.2	0.1	0.1	0.1	0.2	0.1	0.1	0.1	0.1	-1.00	1.00	
0.8	0.2	0.1	0.1	0.5	0.1	0.1	0.1	0.1	-1.00	1.00	
0.4	0.1	0.1	0.1	0.2	0.1	0.3	0.1	0.1	-1.00	1.00	
0.5	0.1	0.2	0.1	0.2	0.1	0.3	0.1	0.1	-1.00	1.00	
0.6	0.1	0.1	0.1	0.2	0.1	0.3	0.1	0.1	-1.00	1.00	
0.4	0.1	0.1	0.1	0.2	0.2	0.3	0.2	0.1	-1.00	1.00	
0.1	0.1	0.1	0.1	0.2	0.1	0.2	0.1	0.1	-1.00	1.00	
0.8	1.0	0.5	0.3	0.8	0.4	0.4	1.0	0.3	-1.00	1.00	
0.1	0.1	0.1	0.1	0.1	0.1	0.2	0.1	0.1	-1.00	1.00	
0.9	1.0	1.0	0.1	1.0	0.8	0.3	0.3	0.1	-1.00	1.00	
0.1	0.1	0.1	0.1	0.2	0.1	0.1	0.1	0.1	-1.00	1.00	
0.2	0.1	0.1	0.2	0.2	0.1	0.3	0.1	0.1	-1.00	1.00	
0.2	0.1	0.1	0.1	0.2	0.1	0.1	0.1	0.1	-1.00	1.00	
0.8	0.7	0.4	0.4	0.5	0.3	0.5	1.0	0.1	-1.00	1.00	
0.1	0.1	0.1	0.3	0.2	0.1	0.1	0.1	0.1	-1.00	1.00	
0.1	0.1	0.1	0.1	0.2	0.1	0.3	0.1	0.1	-1.00	1.00	
0.5	0.3	0.3	0.1	0.3	0.3	0.3	0.3	0.3	-1.00	1.00	
0.1	0.1	0.1	0.1	0.2	0.1	0.2	0.1	0.1	-1.00	1.00	
0.2	0.7	1.0	1.0	0.7	1.0	0.4	0.9	0.4	-1.00	1.00	
1.0	1.0	1.0	0.3	1.0	0.8	0.8	0.1	0.1	-1.00	1.00	
1.0	0.4	0.6	0.1	0.2	1.0	0.5	0.3	0.1	-1.00	1.00	
0.5	0.7	0.7	0.1	0.5	0.8	0.3	0.4	0.1	-1.00	1.00	
0.1	0.1	0.1	0.1	0.2	0.1	0.1	0.1	0.1	-1.00	1.00	
1.0	0.4	0.4	1.0	0.6	1.0	0.5	0.5	0.1	-1.00	1.00	
0.1	0.1	0.1	0.1	0.2	0.5	0.1	0.1	0.1	-1.00	1.00	
0.8	0.2	0.3	0.1	0.6	0.3	0.7	0.1	0.1	-1.00	1.00	
0.5	1.0	0.6	0.1	1.0	0.4	0.4	1.0	1.0	-1.00	1.00	
1.0	0.8	0.8	0.4	1.0	1.0	0.8	0.1	0.1	-1.00	1.00	
0.5	0.5	0.5	0.6	0.3	1.0	0.3	0.1	0.1	-1.00	1.00	
0.3	0.2	0.1	0.1	0.2	0.1	0.2	0.2	0.1	-1.00	1.00	
0.3	0.1	0.1	0.1	0.2	0.1	0.2	0.1	0.1	-1.00	1.00	
0.2	0.1	0.1	0.1	0.1	0.1	0.3	0.1	0.1	-1.00	1.00	
0.7	0.4	0.5	1.0	0.2	1.0	0.3	0.8	0.2	-1.00	1.00	
1.0	0.4	0.3	0.1	0.3	0.3	0.6	0.5	0.2	-1.00	1.00	
0.5	0.1	0.1	0.2	0.1	0.1	0.2	0.1	0.1	-1.00	1.00	
0.5	1.0	1.0	1.0	0.4	1.0	0.5	0.6	0.3	-1.00	1.00	
0.1	0.1	0.1	0.1	0.2	0.1	0.3	0.1	0.1	-1.00	1.00	
0.5	0.1	0.1	0.1	0.2	0.1	0.3	0.1	0.2	-1.00	1.00	
1.0	0.4	0.3	1.0	0.4	1.0	1.0	0.1	0.1	-1.00	1.00	
0.8	1.0	1.0	0.8	0.6	0.9	0.3	1.0	1.0	-1.00	1.00	
0.4	0.1	0.1	0.1	0.2	0.1	0.1	0.1	0.1	-1.00	1.00	
0.3	0.1	0.1	0.1	0.2	0.1	0.1	0.1	0.1	-1.00	1.00	
0.3	0.1	0.1	0.2	0.2	0.1	0.1	0.1	0.1	-1.00	1.00	
0.4	0.1	0.3	0.3	0.2	0.1	0.1	0.1	0.1	-1.00	1.00	
0.1	0.1	0.3	0.1	0.2	0.35	0.2	0.1	0.1	-1.00	1.00	
0.5	0.8	0.8	0.8	0.5	1.0	0.7	0.8	0.1	-1.00	1.00	
0.7	0.1	0.2	0.3	0.2	0.1	0.2	0.1	0.1	-1.00	1.00	
0.7	0.9	0.4	1.0	1.0	0.3	0.5	0.3	0.3	-1.00	1.00	
0.4	0.1	0.1	0.1	0.2	0.1	0.2	0.1	0.1	-1.00	1.00	
0.3	0.1	0.1	0.3	0.1	0.1	0.3	0.1	0.1	-1.00	1.00	
0.5	0.3	0.2	0.1	0.3	0.1	0.1	0.1	0.1	-1.00	1.00	
0.6	1.0	0.7	0.7	0.6	0.4	0.8	1.0	0.2	-1.00	1.00	
0.1	0.1	0.1	0.1	0.2	0.5	0.5	0.1	0.1	-1.00	1.00	
1.0	0.5	0.7	0.3	0.3	0.7	0.3	0.3	0.8	-1.00	1.00	
0.8	0.4	0.4	0.5	0.4	0.7	0.7	0.8	0.2	-1.00	1.00	
0.1	0.1	0.1	0.1	0.1	0.1	0.3	0.1	0.1	-1.00	1.00	
0.4	0.1	0.1	0.2	0.2	0.1	0.1	0.1	0.1	-1.00	1.00	
0.6	1.0	0.2	0.8	1.0	0.2	0.7	0.8	1.0	-1.00	1.00	
0.3	0.2	0.2	0.2	0.2	0.1	0.3	0.2	0.1	-1.00	1.00	
0.5	1.0	1.0	1.0	0.5	0.2	0.8	0.5	0.1	-1.00	1.00	
0.1	0.1	0.1	0.1	0.2	0.1	0.2	0.1	0.2	-1.00	1.00	
0.1	0.1	0.1	0.1	0.1	0.1	0.3	0.1	0.1	-1.00	1.00	
0.2	0.3	0.1	0.1	0.5	0.1	0.1	0.1	0.1	-1.00	1.00	
0.6	0.1	0.3	0.2	0.2	0.1	0.1	0.1	0.1	-1.00	1.00	
0.8	0.5	0.5	0.5	0.2	1.0	0.4	0.3	0.1	-1.00	1.00	
0.8	0.7	0.6	0.4	0.4	1.0	0.5	0.1	0.1	-1.00	1.00	
0.5	0.4	0.5	0.1	0.8	0.1	0.3	0.6	0.1	-1.00	1.00	
0.1	0.1	0.1	0.1	0.2	0.1	0.1	0.1	0.1	-1.00	1.00	
0.5	0.1	0.1	0.1	0.2	0.1	0.2	0.1	0.1	-1.00	1.00	
1.0	0.8	1.0	0.1	0.3	1.0	0.5	0.1	0.1	-1.00	1.00	
0.9	0.1	0.2	0.6	0.4	1.0	0.7	0.7	0.2	-1.00	1.00	
0.4	0.1	0.1	0.1	0.2	0.1	0.3	0.2	0.1	-1.00	1.00	
0.2	0.1	0.1	0.1	0.2	0.1	0.2	0.1	0.1	-1.00	1.00	
0.3	0.1	0.1	0.1	0.2	0.1	0.2	0.1	0.1	-1.00	1.00	
0.4	0.1	0.1	0.1	0.2	0.1	0.3	0.6	0.1	-1.00	1.00	
0.3	0.3	0.2	0.1	0.3	0.1	0.3	0.6	0.1	-1.00	1.00	
0.5	0.1	0.1	0.1	0.2	0.1	0.1	0.1	0.1	-1.00	1.00	
0.5	0.1	0.1	0.3	0.4	0.1	0.3	0.2	0.1	-1.00	1.00	
0.8	1.0	1.0	1.0	0.8	1.0	1.0	0.7	0.3	-1.00	1.00	
0.2	0.3	0.4	0.4	0.2	0.5	0.2	0.5	0.1	-1.00	1.00	
0.3	0.1	0.1	0.1	0.2	0.1	0.2	0.1	0.1	-1.00	1.00	
0.1	0.1	0.1	0.1	0.2	0.1	0.3	0.1	0.1	-1.00	1.00	
0.1	0.2	0.2	0.1	0.2	0.1	0.2	0.1	0.1	-1.00	1.00	
0.3	0.1	0.1	0.1	0.2	0.1	0.1	0.1	0.1	-1.00	1.00	
0.4	0.1	0.1	0.1	0.2	0.3	0.1	0.1	0.1	-1.00	1.00	
0.2	0.1	0.1	0.1	0.2	0.1	0.1	0.1	0.1	-1.00	1.00	
0.1	0.1	0.1	0.1	0.2	0.1	0.1	0.1	0.1	-1.00	1.00	
0.3	0.1	0.1	0.1	0.2	0.1	0.2	0.1	0.1	-1.00	1.00	
0.5	0.1	0.1	0.1	0.2	0.1	0.1	0.1	0.1	-1.00	1.00	
0.1	0.4	0.3	1.0	0.4	1.0	0.5	0.6	0.1	-1.00	1.00	
0.4	0.1	0.1	0.1	0.2	0.1	0.3	0.1	0.1	-1.00	1.00	
0.1	0.1	0.3	0.1	0.2	0.1	0.1	0.1	0.1	-1.00	1.00	
0.2	0.3	0.2	0.2	0.2	0.2	0.3	0.1	0.1	-1.00	1.00	
0.3	0.1	0.1	0.1	0.2	0.2	0.3	0.1	0.1	-1.00	1.00	
0.5	0.1	0.1	0.1	0.2	0.1	0.2	0.1	0.1	-1.00	1.00	
0.8	0.4	0.6	0.3	0.3	0.1	0.4	0.3	0.1	-1.00	1.00	
1.0	0.4	0.4	0.6	0.2	1.0	0.2	0.3	0.1	-1.00	1.00	
0.1	0.1	0.4	0.1	0.2	0.1	0.2	0.1	0.1	-1.00	1.00	
0.8	1.0	0.3	0.2	0.6	0.4	0.3	1.0	0.1	-1.00	1.00	
0.1	0.1	0.1	0.1	0.2	0.1	0.1	0.1	0.1	-1.00	1.00	
0.1	0.1	0.1	0.1	0.1	0.1	0.1	0.1	0.1	-1.00	1.00	
0.1	0.1	0.1	0.1	0.2	0.1	0.3	0.1	0.1	-1.00	1.00	
1.0	0.9	0.7	0.3	0.4	0.2	0.7	0.7	0.1	-1.00	1.00	
0.4	0.1	0.1	0.1	0.2	0.1	0.2	0.1	0.1	-1.00	1.00	
0.8	0.5	0.6	0.2	0.3	1.0	0.6	0.6	0.1	-1.00	1.00	
0.2	0.1	0.1	0.1	0.2	0.1	0.3	0.1	0.1	-1.00	1.00	
0.5	0.1	0.1	0.1	0.2	0.1	0.3	0.1	0.1	-1.00	1.00	
0.5	0.8	0.7	0.7	1.0	1.0	0.5	0.7	0.1	-1.00	1.00	
0.5	0.1	0.1	0.3	0.2	0.1	0.1	0.1	0.1	-1.00	1.00	
0.1	0.1	0.1	0.1	0.2	0.1	0.1	0.1	0.1	-1.00	1.00	
1.0	0.5	0.5	0.6	0.8	0.8	0.7	0.1	0.1	-1.00	1.00	
0.4	0.8	0.6	0.4	0.3	0.4	1.0	0.6	0.1	-1.00	1.00	
0.5	0.3	0.5	0.1	0.8	1.0	0.5	0.3	0.1	-1.00	1.00	
0.1	0.6	0.8	1.0	0.8	1.0	0.5	0.7	0.1	-1.00	1.00	
0.5	0.1	0.1	0.1	0.2	0.1	0.2	0.1	0.1	-1.00	1.00	
0.5	0.1	0.1	0.1	0.2	0.1	0.2	0.1	0.1	-1.00	1.00	
0.8	0.3	0.5	0.4	0.5	1.0	0.1	0.6	0.2	-1.00	1.00	
1.0	0.4	0.6	0.4	0.5	1.0	0.7	0.1	0.1	-1.00	1.00	
0.3	0.2	0.2	0.1	0.2	0.1	0.2	0.3	0.1	-1.00	1.00	
0.3	0.1	0.1	0.1	0.2	0.1	0.3	0.1	0.1	-1.00	1.00	
0.3	0.1	0.1	0.1	0.2	0.1	0.2	0.1	0.1	-1.00	1.00	
0.4	0.1	0.2	0.1	0.2	0.1	0.2	0.1	0.1	-1.00	1.00	
0.3	0.1	0.1	0.1	0.2	0.2	0.7	0.1	0.1	-1.00	1.00	
0.2	0.1	0.1	0.1	0.2	0.1	0.3	0.1	0.1	-1.00	1.00	
0.4	0.5	0.5	1.0	0.4	1.0	0.7	0.5	0.8	-1.00	1.00	
0.3	0.1	0.1	0.1	0.2	0.1	0.3	0.2	0.1	-1.00	1.00	
0.3	0.1	0.3	0.1	0.3	0.4	0.1	0.1	0.1	-1.00	1.00	
0.5	0.1	0.2	0.1	0.2	0.1	0.1	0.1	0.1	-1.00	1.00	
0.4	0.1	0.1	0.1	0.2	0.1	0.1	0.1	0.1	-1.00	1.00	
1.0	0.3	0.4	0.5	0.3	1.0	0.4	0.1	0.1	-1.00	1.00	
0.3	0.1	0.1	0.1	0.2	0.1	0.2	0.1	0.1	-1.00	1.00	
1.0	0.6	0.4	0.1	0.3	0.4	0.3	0.2	0.3	-1.00	1.00	
0.3	0.1	0.1	0.1	0.2	0.1	0.1	0.1	0.1	-1.00	1.00	
0.4	0.1	0.1	0.1	0.2	0.1	0.1	0.1	0.1	-1.00	1.00	
0.1	0.2	0.3	0.1	0.2	0.1	0.1	0.1	0.1	-1.00	1.00	
1.0	1.0	1.0	0.6	0.8	0.4	0.8	0.5	0.1	-1.00	1.00	
0.1	0.1	0.3	0.1	0.2	0.1	0.2	0.1	0.1	-1.00	1.00	
0.5	1.0	1.0	1.0	1.0	1.0	1.0	0.1	0.1	-1.00	1.00	
0.5	0.2	0.2	0.2	0.3	0.1	0.1	0.3	0.1	-1.00	1.00	
0.6	1.0	1.0	1.0	0.8	1.0	1.0	1.0	0.7	-1.00	1.00	
0.1	0.1	0.1	0.1	0.2	0.1	0.2	0.1	0.1	-1.00	1.00	
0.7	0.8	0.3	0.7	0.4	0.5	0.7	0.8	0.2	-1.00	1.00	
0.8	0.9	0.9	0.5	0.3	0.5	0.7	0.7	0.1	-1.00	1.00	
0.5	0.1	0.1	0.1	0.2	0.1	0.1	0.1	0.1	-1.00	1.00	
0.4	0.2	0.3	0.5	0.3	0.8	0.7	0.6	0.1	-1.00	1.00	
0.4	0.2	0.1	0.1	0.2	0.1	0.2	0.1	0.1	-1.00	1.00	
0.5	0.1	0.1	0.6	0.3	0.1	0.2	0.1	0.1	-1.00	1.00	
0.3	0.1	0.1	0.1	0.2	0.1	0.2	0.1	0.1	-1.00	1.00	
1.0	1.0	0.8	0.6	0.4	0.5	0.8	1.0	0.1	-1.00	1.00	
0.3	0.1	0.1	0.1	0.1	0.1	0.2	0.1	0.1	-1.00	1.00	
1.0	0.5	0.7	0.4	0.4	1.0	0.8	0.9	0.1	-1.00	1.00	
0.8	0.6	0.5	0.4	0.3	1.0	0.6	0.1	0.1	-1.00	1.00	
0.8	0.3	0.3	0.1	0.2	0.2	0.3	0.2	0.1	-1.00	1.00	
0.4	0.1	0.1	0.1	0.2	0.1	0.1	0.1	0.1	-1.00	1.00	
0.9	0.5	0.8	0.1	0.2	0.3	0.2	0.1	0.5	-1.00	1.00	
0.3	0.1	0.1	0.1	0.2	0.35	0.3	0.1	0.1	-1.00	1.00	
0.3	0.6	0.4	1.0	0.3	0.3	0.3	0.4	0.1	-1.00	1.00	
0.8	0.3	0.4	0.9	0.3	1.0	0.3	0.3	0.1	-1.00	1.00	
0.4	0.3	0.1	0.1	0.2	0.1	0.4	0.8	0.1	-1.00	1.00	
0.1	0.1	0.1	0.1	0.2	0.1	0.1	0.1	0.1	-1.00	1.00	
0.1	0.1	0.1	0.1	0.2	0.1	0.3	0.1	0.1	-1.00	1.00	
0.5	0.7	0.9	0.8	0.6	1.0	0.8	1.0	0.1	-1.00	1.00	
0.3	0.3	0.5	0.2	0.3	1.0	0.7	0.1	0.1	-1.00	1.00	
0.1	0.1	0.1	0.1	0.2	0.1	0.3	0.1	0.1	-1.00	1.00	
0.1	0.1	0.1	0.1	0.1	0.1	0.3	0.1	0.1	-1.00	1.00	
1.0	1.0	1.0	1.0	1.0	1.0	0.4	1.0	1.0	-1.00	1.00	
0.5	0.4	0.4	0.5	0.7	1.0	0.3	0.2	0.1	-1.00	1.00	
0.1	0.1	0.1	0.1	0.1	0.1	0.2	0.1	0.1	-1.00	1.00	
0.2	0.1	0.1	0.1	0.2	0.1	0.1	0.1	0.1	-1.00	1.00	
1.0	1.0	1.0	0.1	0.6	0.1	0.2	0.8	0.1	-1.00	1.00	
0.1	0.1	0.1	0.1	0.2	0.1	0.2	0.3	0.1	-1.00	1.00	
0.6	0.6	0.6	0.5	0.4	1.0	0.7	0.6	0.2	-1.00	1.00	
0.7	0.8	0.7	0.2	0.4	0.8	0.3	0.8	0.2	-1.00	1.00	
0.1	0.2	0.2	0.1	0.2	0.1	0.1	0.1	0.1	-1.00	1.00	
0.1	0.1	0.1	0.1	0.2	0.1	0.3	0.1	0.1	-1.00	1.00	
0.2	0.1	0.1	0.1	0.2	0.1	0.2	0.2	0.1	-1.00	1.00	
0.6	0.3	0.2	0.1	0.3	0.4	0.4	0.1	0.1	-1.00	1.00	
0.3	0.1	0.1	0.1	0.2	0.5	0.5	0.1	0.1	-1.00	1.00	
0.1	0.1	0.1	0.1	0.2	0.1	0.2	0.1	0.1	-1.00	1.00	
0.4	0.4	0.4	0.2	0.2	0.3	0.2	0.1	0.1	-1.00	1.00	
0.1	0.1	0.1	0.1	0.2	0.1	0.2	0.1	0.1	-1.00	1.00	
0.4	0.1	0.1	0.1	0.2	0.1	0.2	0.1	0.1	-1.00	1.00	
0.4	0.5	0.5	0.8	0.6	1.0	1.0	0.7	0.1	-1.00	1.00	
0.5	0.1	0.3	0.1	0.2	0.1	0.3	0.1	0.1	-1.00	1.00	
1.0	1.0	1.0	0.2	1.0	1.0	0.5	0.3	0.3	-1.00	1.00	
0.4	0.1	0.4	0.1	0.2	0.1	0.1	0.1	0.1	-1.00	1.00	
0.3	0.1	0.1	0.4	0.3	0.1	0.2	0.2	0.1	-1.00	1.00	
0.3	0.1	0.4	0.1	0.2	0.35	0.3	0.1	0.1	-1.00	1.00	
0.5	0.3	0.1	0.2	0.2	0.1	0.2	0.1	0.1	-1.00	1.00	
0.5	1.0	1.0	0.8	0.5	0.5	0.7	1.0	0.1	-1.00	1.00	
0.3	0.1	0.1	0.1	0.2	0.1	0.1	0.1	0.1	-1.00	1.00	
0.1	0.1	0.1	0.1	0.2	0.1	0.1	0.1	0.1	-1.00	1.00	
0.1	0.1	0.1	0.1	0.2	0.1	0.3	0.1	0.1	-1.00	1.00	
1.0	0.8	0.8	0.2	0.3	0.4	0.8	0.7	0.8	-1.00	1.00	
0.3	0.3	0.2	0.6	0.3	0.3	0.3	0.5	0.1	-1.00	1.00	
0.2	0.1	0.1	0.1	0.1	0.1	0.1	0.1	0.1	-1.00	1.00	
0.7	0.3	0.2	1.0	0.5	1.0	0.5	0.4	0.4	-1.00	1.00	
0.3	0.1	0.1	0.1	0.2	0.5	0.1	0.1	0.1	-1.00	1.00	
0.4	0.1	0.1	0.3	0.2	0.1	0.3	0.1	0.1	-1.00	1.00	
0.1	0.1	0.3	0.1	0.2	0.1	0.1	0.1	0.1	-1.00	1.00	
0.3	0.1	0.1	0.1	0.2	0.1	0.1	0.1	0.1	-1.00	1.00	
0.9	0.9	1.0	0.3	0.6	1.0	0.7	1.0	0.6	-1.00	1.00	
0.6	0.5	0.5	0.8	0.4	1.0	0.3	0.4	0.1	-1.00	1.00	
0.1	0.1	0.1	0.1	0.2	0.1	0.3	0.1	0.1	-1.00	1.00	
0.2	0.2	0.2	0.1	0.1	0.1	0.7	0.1	0.1	-1.00	1.00	
0.1	0.1	0.1	0.1	0.5	0.1	0.3	0.1	0.1	-1.00	1.00	
1.0	0.3	0.3	0.1	0.2	1.0	0.7	0.6	0.1	-1.00	1.00	
0.1	0.1	0.1	0.1	0.2	0.1	0.2	0.1	0.1	-1.00	1.00	
0.5	1.0	1.0	1.0	1.0	0.2	1.0	1.0	1.0	-1.00	1.00	
0.4	0.1	0.2	0.1	0.2	0.1	0.2	0.1	0.1	-1.00	1.00	
1.0	1.0	1.0	1.0	0.5	1.0	1.0	1.0	0.7	-1.00	1.00	
0.5	0.1	0.1	0.1	0.2	0.1	0.3	0.1	0.1	-1.00	1.00	
0.2	0.1	0.1	0.1	0.2	0.1	0.3	0.1	0.1	-1.00	1.00	
0.4	0.2	0.2	0.1	0.2	0.1	0.2	0.1	0.1	-1.00	1.00	
0.5	0.2	0.1	0.1	0.2	0.1	0.3	0.1	0.1	-1.00	1.00	
0.5	0.4	0.6	1.0	0.2	1.0	0.4	0.1	0.1	-1.00	1.00	
1.0	0.7	0.7	0.4	0.5	1.0	0.5	0.7	0.2	-1.00	1.00	
0.3	0.5	0.7	0.8	0.8	0.9	0.7	1.0	0.7	-1.00	1.00	
0.3	0.1	0.1	0.1	0.2	0.1	0.1	0.1	0.1	-1.00	1.00	
0.1	0.1	0.1	0.1	0.1	0.1	0.1	0.1	0.1	-1.00	1.00	
1.0	1.0	1.0	1.0	0.3	1.0	1.0	0.6	0.1	-1.00	1.00	
0.5	0.3	0.4	0.3	0.4	0.5	0.4	0.7	0.1	-1.00	1.00	
0.1	0.3	0.1	0.2	0.2	0.2	0.5	0.3	0.2	-1.00	1.00	
1.0	0.4	0.7	0.2	0.2	0.8	0.6	0.1	0.1	-1.00	1.00	
0.5	0.6	0.5	0.6	1.0	0.1	0.3	0.1	0.1	-1.00	1.00	
0.3	0.1	0.2	0.1	0.2	0.1	0.2	0.1	0.1	-1.00	1.00	
0.3	0.1	0.3	0.1	0.2	0.35	0.2	0.1	0.1	-1.00	1.00	
0.3	0.6	0.6	0.6	0.5	1.0	0.6	0.8	0.3	-1.00	1.00	
0.4	0.1	0.1	0.1	0.2	0.1	0.1	0.1	0.1	-1.00	1.00	
0.3	0.1	0.1	0.1	0.2	0.1	0.3	0.1	0.1	-1.00	1.00	
0.1	0.1	0.1	0.1	0.2	0.4	0.1	0.1	0.1	-1.00	1.00	
0.1	0.1	0.1	0.1	0.4	0.3	0.1	0.1	0.1	-1.00	1.00	
0.5	0.2	0.3	0.4	0.2	0.7	0.3	0.6	0.1	-1.00	1.00	
0.3	0.1	0.1	0.1	0.2	0.1	0.2	0.1	0.2	-1.00	1.00	
0.5	0.1	0.2	1.0	0.4	0.5	0.2	0.1	0.1	-1.00	1.00	
0.4	0.1	0.1	0.1	0.2	0.1	0.2	0.1	0.1	-1.00	1.00	
0.8	1.0	1.0	1.0	0.6	1.0	1.0	1.0	1.0	-1.00	1.00	
0.1	0.1	0.1	0.1	0.2	0.1	0.2	0.1	0.1	-1.00	1.00	
0.1	0.1	0.1	0.1	0.2	0.1	0.3	0.1	0.1	-1.00	1.00	
0.4	0.1	0.3	0.1	0.2	0.1	0.2	0.1	0.1	-1.00	1.00	
0.9	0.5	0.5	0.4	0.4	0.5	0.4	0.3	0.3	-1.00	1.00	
0.3	0.1	0.1	0.1	0.1	0.1	0.2	0.1	0.1	-1.00	1.00	
0.4	0.1	0.1	0.3	0.1	0.1	0.2	0.1	0.1	-1.00	1.00	
0.5	0.1	0.1	0.1	0.2	0.1	0.1	0.1	0.1	-1.00	1.00	
0.5	0.4	0.6	0.6	0.4	1.0	0.4	0.3	0.1	-1.00	1.00	
0.4	0.3	0.3	0.1	0.2	0.1	0.3	0.3	0.1	-1.00	1.00	
0.6	0.5	0.4	0.4	0.3	0.9	0.7	0.8	0.3	-1.00	1.00	
0.3	0.3	0.2	0.2	0.3	0.1	0.1	0.2	0.3	-1.00	1.00	
1.0	0.5	0.6	1.0	0.6	1.0	0.7	0.7	1.0	-1.00	1.00	
0.8	0.4	0.7	0.1	0.3	1.0	0.3	0.9	0.2	-1.00	1.00	
0.5	0.1	0.1	0.1	0.1	0.1	0.3	0.1	0.1	-1.00	1.00	
0.8	0.4	0.4	0.1	0.2	0.9	0.3	0.3	0.1	-1.00	1.00	
0.1	0.1	0.1	0.1	0.2	0.1	0.1	0.1	0.1	-1.00	1.00	
1.0	1.0	0.9	0.3	0.7	0.5	0.3	0.5	0.1	-1.00	1.00	
1.0	0.5	0.5	0.6	0.3	1.0	0.7	0.9	0.2	-1.00	1.00	
0.7	0.5	0.6	1.0	0.4	1.0	0.5	0.3	0.1	-1.00	1.00	
0.3	0.1	0.1	0.1	0.1	0.1	0.2	0.1	0.1	-1.00	1.00	
0.2	0.1	0.1	0.1	0.2	0.1	0.2	0.1	0.1	-1.00	1.00	
0.8	1.0	1.0	0.7	1.0	1.0	0.7	0.3	0.8	-1.00	1.00	
0.1	0.2	0.3	0.1	0.2	0.1	0.2	0.1	0.1	-1.00	1.00	
0.1	0.1	0.1	0.1	0.2	0.1	0.1	0.1	0.8	-1.00	1.00	
0.5	0.1	0.2	0.1	0.2	0.1	0.1	0.1	0.1	-1.00	1.00	
0.1	0.1	0.1	0.1	0.2	0.1	0.3	0.1	0.1	-1.00	1.00	
0.2	0.1	0.1	0.1	0.2	0.1	0.2	0.1	0.1	-1.00	1.00	
0.1	0.1	0.1	0.1	0.2	0.1	0.2	0.1	0.1	-1.00	1.00	
0.2	0.1	0.1	0.1	0.2	0.1	0.2	0.1	0.1	-1.00	1.00	
0.1	0.1	0.1	0.1	0.1	0.1	0.2	0.1	0.1	-1.00	1.00	
0.3	0.1	0.1	0.1	0.2	0.1	0.2	0.1	0.1	-1.00	1.00	
0.5	1.0	1.0	0.6	1.0	1.0	1.0	0.6	0.5	-1.00	1.00	
0.5	0.7	1.0	1.0	0.5	1.0	1.0	1.0	0.1	-1.00	1.00	
0.1	0.1	0.1	0.1	0.2	0.1	0.2	0.1	0.1	-1.00	1.00	
0.6	0.6	0.7	1.0	0.3	1.0	0.8	1.0	0.2	-1.00	1.00	
0.6	0.1	0.1	0.3	0.2	0.1	0.1	0.1	0.1	-1.00	1.00	
1.0	1.0	1.0	1.0	1.0	0.1	0.8	0.8	0.8	-1.00	1.00	
1.0	0.3	0.6	0.2	0.3	0.5	0.4	1.0	0.2	-1.00	1.00	
0.3	0.4	0.4	1.0	0.5	0.1	0.3	0.3	0.1	-1.00	1.00	
0.2	0.1	0.1	0.1	0.2	0.1	0.3	0.1	0.1	-1.00	1.00	
0.5	0.3	0.3	0.1	0.2	0.1	0.2	0.1	0.1	-1.00	1.00	
0.5	0.1	0.1	0.1	0.2	0.1	0.3	0.1	0.1	-1.00	1.00	
0.4	0.8	0.7	1.0	0.4	1.0	0.7	0.5	0.1	-1.00	1.00	
0.1	0.1	0.1	0.1	0.1	0.1	0.1	0.1	0.1	-1.00	1.00	
1.0	0.3	0.5	0.4	0.3	0.7	0.3	0.5	0.3	-1.00	1.00	
0.5	0.2	0.4	0.1	0.1	0.1	0.1	0.1	0.1	-1.00	1.00	
0.2	0.1	0.1	0.1	0.2	0.1	0.3	0.1	0.1	-1.00	1.00	
0.4	0.1	0.2	0.1	0.2	0.1	0.2	0.1	0.1	-1.00	1.00	
0.1	0.1	0.1	0.1	0.2	0.1	0.1	0.1	0.1	-1.00	1.00	
0.1	0.3	0.3	0.2	0.2	0.1	0.7	0.2	0.1	-1.00	1.00	
0.7	0.6	0.3	0.2	0.5	1.0	0.7	0.4	0.6	-1.00	1.00	
0.8	0.4	0.4	0.1	0.6	1.0	0.2	0.5	0.2	-1.00	1.00	
0.3	0.1	0.1	0.1	0.1	0.1	0.2	0.1	0.1	-1.00	1.00	
0.1	0.1	0.1	0.1	0.1	0.1	0.1	0.3	0.1	-1.00	1.00	
0.8	0.7	0.8	0.5	1.0	1.0	0.7	0.2	0.1	-1.00	1.00	
0.3	0.1	0.1	0.1	0.2	0.1	0.1	0.1	0.1	-1.00	1.00	
0.1	0.1	0.1	0.1	0.2	0.2	0.1	0.1	0.1	-1.00	1.00	
0.5	0.2	0.1	0.1	0.2	0.1	0.1	0.1	0.1	-1.00	1.00	
0.1	0.1	0.1	0.2	0.2	0.1	0.2	0.1	0.1	-1.00	1.00	
1.0	0.7	0.7	0.3	0.8	0.5	0.7	0.4	0.3	-1.00	1.00	
1.0	1.0	1.0	1.0	0.7	1.0	0.7	1.0	0.4	-1.00	1.00	
0.6	0.1	0.1	0.1	0.1	0.1	0.1	0.1	0.1	-1.00	1.00	
0.2	0.1	0.1	0.1	0.2	0.1	0.1	0.1	0.5	-1.00	1.00	
0.9	0.5	0.5	0.2	0.2	0.2	0.5	0.1	0.1	-1.00	1.00	
0.5	0.3	0.2	0.4	0.2	0.1	0.1	0.1	0.1	-1.00	1.00	
0.5	0.2	0.2	0.2	0.2	0.1	0.2	0.2	0.1	-1.00	1.00	
0.2	0.5	0.3	0.3	0.6	0.7	0.7	0.5	0.1	-1.00	1.00	
1.0	0.1	0.1	0.1	0.2	1.0	0.5	0.4	0.1	-1.00	1.00	
0.4	0.1	0.1	0.3	0.2	0.1	0.1	0.1	0.1	-1.00	1.00	
0.8	1.0	0.4	0.4	0.8	1.0	0.8	0.2	0.1	-1.00	1.00	
0.7	0.4	0.4	0.3	0.4	1.0	0.6	0.9	0.1	-1.00	1.00	
0.4	0.6	0.6	0.5	0.7	0.6	0.7	0.7	0.3	-1.00	1.00	
1.0	0.6	0.5	0.8	0.5	1.0	0.8	0.6	0.1	-1.00	1.00	
1.0	1.0	1.0	0.8	0.6	0.1	0.8	0.9	0.1	-1.00	1.00	
0.5	0.1	0.1	0.1	0.3	0.2	0.2	0.2	0.1	-1.00	1.00	
0.3	0.1	0.1	0.1	0.2	0.1	0.2	0.1	0.1	-1.00	1.00	
0.7	0.3	0.4	0.4	0.3	0.3	0.3	0.2	0.7	-1.00	1.00	
0.3	0.1	0.2	0.1	0.2	0.1	0.2	0.1	0.1	-1.00	1.00	
0.5	0.5	0.5	0.8	1.0	0.8	0.7	0.3	0.7	-1.00	1.00	
0.6	1.0	0.5	0.5	0.4	1.0	0.6	1.0	0.1	-1.00	1.00	
0.3	0.1	0.1	0.1	0.2	0.1	0.3	0.1	0.1	-1.00	1.00	
0.2	0.3	0.1	0.1	0.3	0.1	0.1	0.1	0.1	-1.00	1.00	
0.9	1.0	1.0	1.0	1.0	0.5	1.0	1.0	1.0	-1.00	1.00	
0.8	1.0	1.0	0.8	0.5	1.0	0.7	0.8	0.1	-1.00	1.00	
0.4	0.1	0.1	0.1	0.2	0.1	0.3	0.1	0.1	-1.00	1.00	
1.0	0.2	0.2	0.1	0.2	0.6	0.1	0.1	0.2	-1.00	1.00	
0.7	0.6	1.0	0.5	0.3	1.0	0.9	1.0	0.2	-1.00	1.00	
1.0	0.6	0.3	0.6	0.4	1.0	0.7	0.8	0.4	-1.00	1.00	
1.0	1.0	1.0	0.7	0.9	1.0	0.7	1.0	1.0	-1.00	1.00	
0.3	0.1	0.1	0.1	0.2	0.1	0.2	0.1	0.1	-1.00	1.00	
0.3	0.4	0.5	0.2	0.6	0.8	0.4	0.1	0.1	-1.00	1.00	
0.3	0.1	0.1	0.1	0.2	0.1	0.2	0.1	0.1	-1.00	1.00	
0.5	0.3	0.3	0.2	0.3	0.1	0.3	0.1	0.1	-1.00	1.00	
0.3	0.1	0.1	0.1	0.2	0.1	0.2	0.1	0.1	-1.00	1.00	
0.9	1.0	1.0	0.1	1.0	0.8	0.3	0.3	0.1	-1.00	1.00	
1.0	0.8	0.4	0.4	0.4	1.0	0.3	1.0	0.4	-1.00	1.00	
0.2	0.1	0.1	0.2	0.2	0.1	0.1	0.1	0.1	-1.00	1.00	
0.3	0.1	0.1	0.1	0.2	0.1	0.3	0.1	0.1	-1.00	1.00	
0.1	0.1	0.3	0.2	0.2	0.1	0.3	0.1	0.1	-1.00	1.00	
0.5	0.1	0.1	0.1	0.2	0.2	0.2	0.1	0.1	-1.00	1.00	
0.4	0.4	0.4	0.4	0.6	0.5	0.7	0.3	0.1	-1.00	1.00	
0.6	1.0	1.0	0.2	0.8	1.0	0.7	0.3	0.3	-1.00	1.00	
0.2	0.1	0.1	0.1	0.2	0.1	0.3	0.1	0.1	-1.00	1.00	
1.0	1.0	1.0	1.0	0.6	1.0	0.8	0.1	0.5	-1.00	1.00	
0.1	0.1	0.1	0.1	0.2	0.1	0.2	0.1	0.1	-1.00	1.00	
0.7	0.5	0.3	0.7	0.4	1.0	0.7	0.5	0.5	-1.00	1.00	
0.5	0.8	0.4	1.0	0.5	0.8	0.9	1.0	0.1	-1.00	1.00	
0.1	0.1	0.1	0.1	0.3	0.2	0.2	0.1	0.1	-1.00	1.00	
0.8	0.8	0.9	0.6	0.6	0.3	1.0	1.0	0.1	-1.00	1.00	
0.2	0.1	0.1	0.1	0.2	0.1	0.1	0.1	0.1	-1.00	1.00	
0.1	0.1	0.2	0.1	0.3	0.35	0.1	0.1	0.1	-1.00	1.00	
0.5	0.1	0.1	0.1	0.2	0.1	0.1	0.1	0.1	-1.00	1.00	
0.4	0.1	0.1	0.2	0.2	0.1	0.2	0.1	0.1	-1.00	1.00	
0.1	0.1	0.1	0.1	0.2	0.1	0.3	0.1	0.1	-1.00	1.00	
0.8	1.0	1.0	1.0	0.7	0.5	0.4	0.8	0.7	-1.00	1.00	
0.5	0.1	0.1	0.1	0.2	0.1	0.2	0.2	0.1	-1.00	1.00	
0.7	0.6	0.4	0.8	1.0	1.0	0.9	0.5	0.3	-1.00	1.00	
0.1	0.1	0.1	0.2	0.1	0.1	0.1	0.1	0.1	-1.00	1.00	
1.0	1.0	0.7	0.8	0.7	0.1	1.0	1.0	0.3	-1.00	1.00	
1.0	0.3	0.5	0.1	1.0	0.5	0.3	1.0	0.2	-1.00	1.00	
0.3	0.1	0.1	0.1	0.2	0.3	0.3	0.1	0.1	-1.00	1.00	
1.0	1.0	1.0	0.4	0.8	0.1	0.8	1.0	0.1	-1.00	1.00	
0.2	0.1	0.2	0.1	0.2	0.1	0.3	0.1	0.1	-1.00	1.00	
0.5	0.4	0.3	0.1	0.2	0.35	0.2	0.3	0.1	-1.00	1.00	
0.6	0.1	0.1	0.1	0.2	0.1	0.3	0.1	0.1	-1.00	1.00	
0.3	0.1	0.1	0.1	0.2	0.1	0.1	0.1	0.1	-1.00	1.00	
0.1	0.1	0.1	0.1	0.2	0.1	0.2	0.1	0.1	-1.00	1.00	
0.1	0.2	0.1	0.3	0.2	0.1	0.1	0.2	0.1	-1.00	1.00	
0.5	0.1	0.1	0.1	0.2	0.1	0.2	0.2	0.1	-1.00	1.00	
0.5	0.3	0.6	0.1	0.2	0.1	0.1	0.1	0.1	-1.00	1.00	
0.1	0.1	0.1	0.1	0.2	0.1	0.3	0.1	0.1	-1.00	1.00	
0.5	0.2	0.2	0.2	0.1	0.1	0.2	0.1	0.1	-1.00	1.00	
0.3	0.1	0.1	0.1	0.2	0.1	0.2	0.1	0.1	-1.00	1.00	
0.8	0.8	0.9	0.4	0.5	1.0	0.7	0.8	0.1	-1.00	1.00	
0.1	0.1	0.1	0.1	0.2	0.1	0.2	0.1	0.1	-1.00	1.00	
0.1	0.1	0.1	0.1	0.2	0.1	0.3	0.1	0.1	-1.00	1.00	
0.5	0.6	0.6	0.2	0.4	1.0	0.3	0.6	0.1	-1.00	1.00	
0.1	0.1	0.1	0.1	0.2	0.35	0.2	0.1	0.1	-1.00	1.00	
0.1	0.1	0.1	0.1	0.2	0.1	0.3	0.1	0.1	-1.00	1.00	
0.1	0.2	0.2	0.1	0.2	0.1	0.1	0.1	0.1	-1.00	1.00	
0.2	0.1	0.1	0.1	0.3	0.1	0.2	0.1	0.1	-1.00	1.00	
1.0	0.4	0.4	1.0	0.2	1.0	0.5	0.3	0.3	-1.00	1.00	
0.5	0.1	0.1	0.1	0.2	0.1	0.2	0.1	0.1	-1.00	1.00	
0.5	1.0	1.0	0.5	0.4	0.5	0.4	0.4	0.1	-1.00	1.00	
0.5	0.4	0.6	0.8	0.4	0.1	0.8	1.0	0.1	-1.00	1.00	
0.1	0.1	0.1	0.3	0.1	0.3	0.1	0.1	0.1	-1.00	1.00	
0.1	0.1	0.1	0.1	0.2	0.1	0.1	0.1	0.1	-1.00	1.00	
0.3	0.1	0.1	0.1	0.2	0.1	0.3	0.1	0.1	-1.00	1.00	
0.4	0.1	0.1	0.1	0.2	0.1	0.1	0.2	0.1	-1.00	1.00	
1.0	1.0	1.0	0.8	0.2	1.0	0.4	0.1	0.1	-1.00	1.00	
0.3	0.1	0.1	0.1	0.2	0.1	0.2	0.1	0.1	-1.00	1.00	
0.1	0.2	0.1	0.3	0.2	0.1	0.2	0.1	0.1	-1.00	1.00	
0.6	0.6	0.6	0.9	0.6	0.35	0.7	0.8	0.1	-1.00	1.00	
0.1	0.1	0.1	0.1	0.2	0.1	0.3	0.1	0.1	-1.00	1.00	
0.3	0.1	0.1	0.1	0.2	0.1	0.1	0.1	0.1	-1.00	1.00	
0.3	0.4	0.5	0.3	0.7	0.3	0.4	0.6	0.1	-1.00	1.00	
0.1	0.1	0.1	0.1	0.1	0.1	0.2	0.1	0.1	-1.00	1.00	
0.6	0.3	0.3	0.5	0.3	1.0	0.3	0.5	0.3	-1.00	1.00	
Y1	W1: 992143648013546731586024487619529159444268723052696432875318761223309418753158440903493586739967159173120.00000	W2: -2621240618978673706241372562329081407900609891378332255769236682860527190298034788375714008332653748551680.00000	W3: -4665153606170545766370437804992078966950998450443775836658137087874011037076691344255460774070148472504320.00000	W4: -6534999974451596020514058093631212105022104672097023885968507201393487330146417184686293182322911020580864.00000	W5: -35244724289827553674898062535006360276368333494510773977524081011421283281505354914051877949058014248960.00000	W6: -8351149993134333387184416806261534824315544578896981093399945992093349766475723460978584291522710723362816.00000	W7: -4974707932561589017246434548686150268673249798655871626390179215479224896749992131509318229019410653249536.00000	W8: -7750929585565927384762354734697598037798776839417289719985990340284382057492839541316069062069898839064576.00000	W9: 419945650056869212434317556737774833403649843433869998963723540278346278605962079468894726010382720172032.00000	W10: 2599033252932460471746819126050268527700500402952417736513042761391479870126435269331120106734038114369536.00000	
Y2	W1: -853966553085859097956830123510329163740340033824481769039709440651955190309689731630402161303986030772224.00000	W2: 2256177137937288419003129958444941569782593899513680875453271248145169923363518166107611605762637752696832.00000	W3: 4015431790198926643152207458240569553934583541360616425418063826472891039407251151368666852316860880257024.00000	W4: 5624862300708305853282783765610166140388174784113635158665183912828194416165847038745411890599576540807168.00000	W5: 30336147166297764402000868547757110631795193417661314049267838318749291896646388824559489847726526431232.00000	W6: 7188074819829469117776852132853342907868523306435346706492821828416680085142025596819252658866060785614848.00000	W7: 4281874095837074245775508530073744489268431671661961120405540586454372657496899913647315795241264488644608.00000	W8: 6671447864076401899035829974654148975604111713069675603889106317033609681504140399257389369210890767826944.00000	W9: -361459290678811568278371481102711913810007422125630723703732032251625828876751253074270268424131870457856.00000	W10: -2237062619718508874870609264691949450194876085510693868524660762804003370271839382928934000086259840581632.00000	
Porcentaje de aciertos: 34.82142857142857%
