X1	X2	X3	X4	X5	X6	X7	X8	X9	Y1	Y2	
0.8	0.8	0.9	0.4	0.5	1.0	0.7	0.8	0.1	-1.00	1.00	
1.0	0.5	0.5	0.3	0.6	0.7	0.7	1.0	0.1	-1.00	1.00	
0.1	0.1	0.1	0.1	0.2	0.1	0.3	0.1	0.1	1.00	-1.00	
0.7	0.8	0.3	0.7	0.4	0.5	0.7	0.8	0.2	-1.00	1.00	
0.5	0.4	0.5	0.1	0.8	0.1	0.3	0.6	0.1	-1.00	1.00	
1.0	0.5	0.5	0.6	0.3	1.0	0.7	0.9	0.2	-1.00	1.00	
0.5	0.1	0.3	0.1	0.2	0.1	0.2	0.1	0.1	1.00	-1.00	
0.1	0.5	0.8	0.6	0.5	0.8	0.7	1.0	0.1	-1.00	1.00	
1.0	1.0	1.0	0.8	0.6	0.8	0.7	1.0	0.1	-1.00	1.00	
0.1	0.1	0.1	0.1	0.1	0.35	0.2	0.1	0.1	1.00	-1.00	
0.5	0.2	0.4	0.1	0.1	0.1	0.1	0.1	0.1	-1.00	-1.00	
1.0	0.4	0.6	0.4	0.5	1.0	0.7	0.1	0.1	-1.00	1.00	
0.4	0.1	0.1	0.1	0.2	0.1	0.3	0.2	0.1	1.00	-1.00	
0.1	0.1	0.1	0.1	0.2	0.1	0.1	0.1	0.1	1.00	-1.00	
0.8	0.4	0.4	0.5	0.4	0.7	0.7	0.8	0.2	-1.00	1.00	
0.3	0.1	0.1	0.1	0.2	0.1	0.1	0.1	0.1	1.00	-1.00	
0.1	0.1	0.1	0.1	0.2	0.1	0.1	0.1	0.1	1.00	-1.00	
0.4	0.1	0.2	0.1	0.2	0.1	0.1	0.1	0.1	1.00	-1.00	
1.0	0.6	0.6	0.2	0.4	1.0	0.9	0.7	0.1	-1.00	1.00	
1.0	0.3	0.3	0.1	0.2	1.0	0.7	0.6	0.1	-1.00	1.00	
0.1	0.1	0.1	0.1	0.1	0.1	0.2	0.1	0.1	1.00	-1.00	
0.5	0.1	0.1	0.1	0.2	0.1	0.3	0.1	0.1	1.00	-1.00	
0.5	0.4	0.4	0.9	0.2	1.0	0.5	0.6	0.1	-1.00	1.00	
1.0	0.7	0.7	0.3	0.8	0.5	0.7	0.4	0.3	-1.00	1.00	
0.1	0.1	0.1	0.1	0.2	0.1	0.3	0.1	0.1	1.00	-1.00	
0.8	0.4	0.4	0.1	0.6	1.0	0.2	0.5	0.2	-1.00	1.00	
1.0	1.0	1.0	0.7	0.9	1.0	0.7	1.0	1.0	-1.00	1.00	
0.4	0.4	0.2	0.1	0.2	0.5	0.2	0.1	0.2	-1.00	1.00	
0.3	0.1	0.1	0.1	0.2	0.1	0.1	0.1	0.1	1.00	-1.00	
0.6	0.2	0.3	0.1	0.2	0.1	0.1	0.1	0.1	-1.00	-1.00	
0.5	0.3	0.5	0.1	0.8	1.0	0.5	0.3	0.1	1.00	1.00	
0.9	0.8	0.8	0.9	0.6	0.3	0.4	0.1	0.1	-1.00	-1.00	
0.1	0.1	0.1	0.1	0.3	0.2	0.2	0.1	0.1	1.00	-1.00	
0.8	0.2	0.3	0.1	0.6	0.3	0.7	0.1	0.1	1.00	1.00	
0.5	0.1	0.1	0.1	0.2	0.1	0.2	0.1	0.1	1.00	-1.00	
0.5	0.1	0.1	0.1	0.3	0.2	0.2	0.2	0.1	1.00	1.00	
1.0	0.4	0.5	0.5	0.5	1.0	0.4	0.1	0.1	-1.00	1.00	
0.5	0.1	0.1	0.4	0.2	0.1	0.3	0.1	0.1	1.00	-1.00	
0.8	1.0	0.3	0.2	0.6	0.4	0.3	1.0	0.1	-1.00	1.00	
0.2	0.5	0.7	0.6	0.4	1.0	0.7	0.6	0.1	-1.00	1.00	
0.5	0.1	0.1	0.1	0.2	0.1	0.1	0.1	0.1	1.00	-1.00	
0.1	0.1	0.1	0.1	0.2	0.1	0.1	0.1	0.1	1.00	-1.00	
0.4	0.8	0.6	0.3	0.4	1.0	0.7	0.1	0.1	-1.00	1.00	
0.5	0.1	0.1	0.1	0.1	0.1	0.1	0.1	0.1	1.00	-1.00	
0.5	0.1	0.2	1.0	0.4	0.5	0.2	0.1	0.1	-1.00	-1.00	
1.0	1.0	0.9	0.3	0.7	0.5	0.3	0.5	0.1	-1.00	1.00	
0.6	0.1	0.3	0.1	0.2	0.1	0.3	0.1	0.1	1.00	-1.00	
0.1	0.1	0.1	0.1	0.2	0.4	0.1	0.1	0.1	1.00	-1.00	
0.4	0.1	0.1	0.1	0.2	0.1	0.3	0.1	0.1	1.00	-1.00	
0.7	0.4	0.6	0.4	0.6	0.1	0.4	0.3	0.1	-1.00	-1.00	
1.0	0.4	0.3	1.0	0.3	1.0	0.7	0.1	0.2	-1.00	1.00	
0.1	0.1	0.1	0.1	0.1	0.1	0.3	0.1	0.1	1.00	-1.00	
0.1	0.1	0.1	0.1	0.2	0.1	0.1	0.1	0.1	1.00	-1.00	
0.1	0.1	0.2	0.2	0.2	0.1	0.3	0.1	0.1	1.00	-1.00	
0.3	0.1	0.1	0.1	0.2	0.1	0.2	0.1	0.1	1.00	-1.00	
0.3	0.2	0.1	0.2	0.2	0.1	0.3	0.1	0.1	1.00	-1.00	
0.5	0.1	0.1	0.3	0.4	0.1	0.3	0.2	0.1	1.00	-1.00	
0.4	0.1	0.1	0.1	0.3	0.1	0.2	0.2	0.1	1.00	-1.00	
0.5	0.5	0.7	0.8	0.6	1.0	0.7	0.4	0.1	-1.00	1.00	
0.8	0.7	0.8	0.2	0.4	0.2	0.5	1.0	0.1	-1.00	1.00	
0.8	1.0	1.0	1.0	0.6	1.0	1.0	1.0	0.1	-1.00	1.00	
0.3	0.1	0.1	0.1	0.2	0.1	0.1	0.1	0.1	1.00	-1.00	
0.1	0.1	0.1	0.1	0.2	0.1	0.1	0.1	0.1	1.00	-1.00	
0.5	0.1	0.1	0.1	0.2	0.1	0.1	0.1	0.1	1.00	-1.00	
0.5	0.3	0.3	0.1	0.3	0.3	0.3	0.3	0.3	-1.00	1.00	
0.5	0.1	0.1	0.1	0.2	0.1	0.3	0.2	0.1	1.00	1.00	
1.0	0.4	0.7	0.2	0.2	0.8	0.6	0.1	0.1	-1.00	1.00	
0.1	0.1	0.2	0.1	0.2	0.1	0.2	0.1	0.1	1.00	-1.00	
0.4	0.3	0.2	0.1	0.3	0.1	0.2	0.1	0.1	1.00	-1.00	
0.8	1.0	1.0	0.8	0.5	1.0	0.7	0.8	0.1	-1.00	1.00	
0.1	0.2	0.3	0.1	0.2	0.1	0.1	0.1	0.1	-1.00	-1.00	
0.5	1.0	1.0	1.0	0.5	0.2	0.8	0.5	0.1	-1.00	-1.00	
0.4	0.1	0.1	0.1	0.2	0.1	0.3	0.1	0.1	1.00	-1.00	
0.7	0.4	0.7	0.4	0.3	0.7	0.7	0.6	0.1	-1.00	1.00	
0.2	0.3	0.4	0.4	0.2	0.5	0.2	0.5	0.1	-1.00	-1.00	
0.1	0.1	0.1	0.1	0.2	0.1	0.3	0.1	0.1	1.00	-1.00	
0.1	0.1	0.1	0.1	0.2	0.1	0.2	0.3	0.1	1.00	-1.00	
0.3	0.2	0.1	0.1	0.1	0.1	0.2	0.1	0.1	1.00	-1.00	
0.6	0.6	0.7	1.0	0.3	1.0	0.8	1.0	0.2	-1.00	1.00	
0.1	0.1	0.1	0.1	0.1	0.1	0.3	0.1	0.1	1.00	-1.00	
0.4	0.1	0.1	0.2	0.2	0.1	0.2	0.1	0.1	1.00	-1.00	
0.1	0.1	0.1	0.1	0.2	0.1	0.2	0.1	0.1	1.00	-1.00	
0.2	0.1	0.1	0.1	0.2	0.1	0.2	0.1	0.1	1.00	-1.00	
0.7	0.1	0.2	0.3	0.2	0.1	0.2	0.1	0.1	1.00	-1.00	
0.4	0.1	0.1	0.1	0.2	0.1	0.3	0.1	0.1	1.00	-1.00	
0.1	0.1	0.1	0.1	0.2	0.1	0.3	0.1	0.1	1.00	-1.00	
0.1	0.1	0.1	0.1	0.2	0.1	0.3	0.2	0.1	1.00	-1.00	
0.1	0.1	0.3	0.1	0.2	0.1	0.1	0.1	0.1	1.00	-1.00	
0.1	0.1	0.1	0.1	0.2	0.3	0.3	0.1	0.1	1.00	-1.00	
0.3	0.1	0.1	0.1	0.2	0.1	0.2	0.1	0.1	1.00	-1.00	
0.4	0.4	0.4	0.2	0.2	0.3	0.2	0.1	0.1	-1.00	-1.00	
0.3	0.1	0.1	0.2	0.3	0.4	0.1	0.1	0.1	1.00	-1.00	
0.4	0.8	0.7	1.0	0.4	1.0	0.7	0.5	0.1	-1.00	1.00	
0.3	0.1	0.1	0.2	0.2	0.1	0.1	0.1	0.1	1.00	-1.00	
0.5	0.1	0.1	0.1	0.2	0.1	0.2	0.1	0.1	1.00	-1.00	
0.8	1.0	1.0	0.8	0.7	1.0	0.9	0.7	0.1	-1.00	1.00	
0.8	1.0	0.5	0.3	0.8	0.4	0.4	1.0	0.3	-1.00	1.00	
0.5	0.1	0.1	0.1	0.1	0.1	0.3	0.1	0.1	1.00	-1.00	
0.3	0.1	0.2	0.1	0.2	0.1	0.2	0.1	0.1	1.00	-1.00	
0.4	0.1	0.1	0.3	0.2	0.1	0.3	0.1	0.1	1.00	-1.00	
0.3	0.6	0.6	0.6	0.5	1.0	0.6	0.8	0.3	-1.00	1.00	
1.0	0.6	0.6	0.3	0.4	0.5	0.3	0.6	0.1	-1.00	1.00	
0.8	1.0	1.0	0.7	1.0	1.0	0.7	0.3	0.8	-1.00	1.00	
0.4	0.1	0.1	0.2	0.2	0.1	0.1	0.1	0.1	1.00	-1.00	
0.5	0.1	0.2	0.1	0.2	0.1	0.1	0.1	0.1	1.00	-1.00	
0.1	0.1	0.1	0.1	0.1	0.1	0.1	0.1	0.1	1.00	-1.00	
0.1	0.1	0.1	0.1	0.2	0.1	0.1	0.1	0.1	1.00	-1.00	
0.9	0.9	1.0	0.3	0.6	1.0	0.7	1.0	0.6	-1.00	1.00	
0.3	0.1	0.1	0.1	0.2	0.1	0.1	0.1	0.1	1.00	-1.00	
0.5	0.7	0.4	0.1	0.6	0.1	0.7	1.0	0.3	-1.00	1.00	
0.8	0.2	0.4	0.1	0.5	0.1	0.5	0.4	0.4	-1.00	1.00	
0.1	0.1	0.3	0.2	0.2	0.1	0.3	0.1	0.1	1.00	-1.00	
0.1	0.1	0.1	0.1	0.2	0.1	0.3	0.1	0.1	1.00	-1.00	
1.0	0.2	0.2	0.1	0.2	0.6	0.1	0.1	0.2	1.00	1.00	
0.3	0.1	0.1	0.1	0.2	0.1	0.2	0.1	0.1	1.00	-1.00	
0.5	1.0	0.8	1.0	0.8	1.0	0.3	0.6	0.3	-1.00	1.00	
0.1	0.1	0.4	0.1	0.2	0.1	0.2	0.1	0.1	-1.00	-1.00	
0.5	0.2	0.3	0.1	0.6	1.0	0.5	0.1	0.1	1.00	1.00	
0.6	0.3	0.2	0.1	0.3	0.4	0.4	0.1	0.1	1.00	1.00	
0.1	0.1	0.1	0.1	0.2	0.1	0.2	0.1	0.1	1.00	-1.00	
0.7	0.6	0.3	0.2	0.5	1.0	0.7	0.4	0.6	-1.00	1.00	
1.0	1.0	1.0	1.0	0.5	1.0	1.0	1.0	0.7	-1.00	1.00	
0.9	0.5	0.5	0.2	0.2	0.2	0.5	0.1	0.1	-1.00	1.00	
0.8	0.7	0.8	0.5	1.0	1.0	0.7	0.2	0.1	-1.00	1.00	
0.4	1.0	0.4	0.7	0.3	1.0	0.9	1.0	0.1	-1.00	1.00	
1.0	1.0	1.0	0.3	1.0	1.0	0.9	1.0	0.1	-1.00	1.00	
0.3	0.1	0.1	0.1	0.2	0.1	0.2	0.1	0.1	1.00	-1.00	
0.2	0.1	0.1	0.1	0.2	0.5	0.1	0.1	0.1	1.00	-1.00	
0.5	1.0	1.0	1.0	1.0	0.2	1.0	1.0	1.0	-1.00	1.00	
1.0	1.0	0.8	1.0	0.6	0.5	1.0	0.3	0.1	-1.00	1.00	
0.5	0.8	0.9	0.4	0.3	1.0	0.7	0.1	0.1	-1.00	1.00	
0.5	0.5	0.5	0.8	1.0	0.8	0.7	0.3	0.7	-1.00	1.00	
0.1	0.1	0.1	0.1	0.2	0.1	0.1	0.1	0.1	1.00	-1.00	
0.5	0.1	0.1	0.2	0.1	0.1	0.2	0.1	0.1	1.00	-1.00	
0.3	0.7	0.7	0.4	0.4	0.9	0.4	0.8	0.1	-1.00	1.00	
0.1	0.2	0.2	0.1	0.2	0.1	0.2	0.1	0.1	1.00	-1.00	
1.0	1.0	1.0	1.0	0.6	1.0	0.8	0.1	0.5	-1.00	1.00	
0.8	1.0	1.0	1.0	0.7	0.5	0.4	0.8	0.7	-1.00	1.00	
0.5	1.0	1.0	0.3	0.8	0.1	0.5	1.0	0.3	-1.00	1.00	
0.5	0.1	0.1	0.1	0.2	0.1	0.1	0.1	0.1	1.00	-1.00	
0.2	0.1	0.1	0.1	0.2	0.1	0.1	0.1	0.1	1.00	-1.00	
0.3	0.1	0.1	0.1	0.2	0.1	0.3	0.1	0.1	1.00	-1.00	
0.4	0.2	0.2	0.1	0.2	0.1	0.2	0.1	0.1	1.00	-1.00	
0.1	0.1	0.1	0.1	0.2	0.1	0.2	0.1	0.2	1.00	-1.00	
0.8	0.7	0.5	1.0	0.7	0.9	0.5	0.5	0.4	-1.00	1.00	
0.4	0.1	0.1	0.1	0.2	0.1	0.1	0.2	0.1	1.00	-1.00	
1.0	1.0	1.0	1.0	0.3	1.0	1.0	0.6	0.1	-1.00	1.00	
0.5	0.1	0.1	0.1	0.2	0.1	0.2	0.1	0.1	1.00	-1.00	
0.5	0.3	0.5	0.5	0.3	0.3	0.4	1.0	0.1	-1.00	1.00	
0.3	0.1	0.1	0.1	0.2	0.35	0.3	0.1	0.1	1.00	1.00	
0.1	0.1	0.1	0.1	0.2	0.1	0.1	0.1	0.1	1.00	-1.00	
0.3	1.0	0.3	1.0	0.6	1.0	0.5	0.1	0.4	-1.00	1.00	
0.5	0.1	0.2	0.1	0.2	0.1	0.1	0.1	0.1	1.00	-1.00	
0.3	0.1	0.1	0.1	0.2	0.1	0.1	0.1	0.1	1.00	-1.00	
0.4	0.1	0.1	0.1	0.2	0.3	0.2	0.1	0.1	1.00	-1.00	
1.0	0.7	0.7	0.4	0.5	1.0	0.5	0.7	0.2	-1.00	1.00	
0.5	0.1	0.1	0.3	0.2	0.1	0.1	0.1	0.1	1.00	-1.00	
0.5	0.2	0.2	0.4	0.2	0.4	0.1	0.1	0.1	-1.00	-1.00	
0.2	0.1	0.1	0.1	0.2	0.1	0.2	0.1	0.1	1.00	-1.00	
0.5	0.1	0.3	0.1	0.2	0.1	0.2	0.1	0.1	1.00	-1.00	
0.6	0.1	0.1	0.1	0.2	0.1	0.3	0.1	0.1	1.00	1.00	
0.4	0.1	0.1	0.1	0.2	0.2	0.3	0.2	0.1	1.00	1.00	
0.5	0.1	0.1	0.2	0.2	0.2	0.3	0.1	0.1	1.00	-1.00	
0.1	0.1	0.1	0.1	0.2	0.1	0.3	0.1	0.1	1.00	-1.00	
0.4	0.1	0.1	0.1	0.2	0.1	0.1	0.1	0.1	1.00	-1.00	
1.0	0.8	0.7	0.4	0.3	1.0	0.7	0.9	0.1	-1.00	1.00	
1.0	0.8	0.8	0.2	0.8	1.0	0.4	0.8	1.0	-1.00	1.00	
0.3	0.2	0.1	0.1	0.2	0.2	0.3	0.1	0.1	1.00	-1.00	
0.1	0.1	0.1	0.1	0.2	0.1	0.3	0.1	0.1	1.00	-1.00	
0.2	0.1	0.1	0.1	0.2	0.1	0.1	0.1	0.1	1.00	-1.00	
0.6	0.3	0.4	0.1	0.5	0.2	0.3	0.9	0.1	-1.00	1.00	
0.2	0.1	0.1	0.1	0.3	0.1	0.2	0.1	0.1	1.00	-1.00	
0.5	0.1	0.2	0.1	0.2	0.1	0.2	0.1	0.1	1.00	-1.00	
0.1	0.1	0.1	0.1	0.2	0.1	0.2	0.1	0.1	1.00	-1.00	
0.5	0.1	0.2	0.1	0.2	0.1	0.3	0.1	0.1	1.00	-1.00	
0.5	0.3	0.6	0.1	0.2	0.1	0.1	0.1	0.1	-1.00	-1.00	
0.7	0.2	0.4	0.1	0.3	0.4	0.3	0.3	0.1	-1.00	1.00	
0.7	0.5	0.6	1.0	0.4	1.0	0.5	0.3	0.1	-1.00	1.00	
0.4	0.1	0.1	0.1	0.2	0.1	0.3	0.6	0.1	1.00	1.00	
0.6	1.0	0.7	0.7	0.6	0.4	0.8	1.0	0.2	-1.00	1.00	
0.3	0.1	0.1	0.1	0.2	0.1	0.3	0.1	0.1	1.00	-1.00	
0.5	0.1	0.1	0.1	0.2	0.2	0.2	0.1	0.1	1.00	-1.00	
0.5	1.0	1.0	0.3	0.7	0.3	0.8	1.0	0.2	-1.00	1.00	
0.3	0.1	0.1	0.1	0.2	0.1	0.3	0.2	0.1	1.00	-1.00	
0.6	1.0	1.0	0.2	0.8	1.0	0.7	0.3	0.3	-1.00	1.00	
0.5	0.8	0.4	1.0	0.5	0.8	0.9	1.0	0.1	-1.00	1.00	
0.5	0.1	0.1	0.1	0.2	0.1	0.1	0.1	0.1	1.00	-1.00	
0.4	0.1	0.1	0.1	0.1	0.1	0.2	0.1	0.1	1.00	-1.00	
0.2	0.1	0.1	0.1	0.2	0.1	0.1	0.1	0.5	1.00	-1.00	
0.2	0.1	0.1	0.1	0.2	0.1	0.3	0.1	0.1	1.00	-1.00	
0.1	0.1	0.1	0.1	0.1	0.1	0.1	0.1	0.1	1.00	-1.00	
0.1	0.2	0.3	0.1	0.2	0.1	0.3	0.1	0.1	-1.00	-1.00	
0.3	0.1	0.2	0.1	0.2	0.1	0.3	0.1	0.1	1.00	-1.00	
0.8	0.8	0.8	0.1	0.2	0.35	0.6	1.0	0.1	-1.00	1.00	
0.3	0.3	0.2	0.6	0.3	0.3	0.3	0.5	0.1	-1.00	-1.00	
0.9	0.5	0.5	0.4	0.4	0.5	0.4	0.3	0.3	-1.00	1.00	
0.5	0.5	0.5	0.2	0.5	1.0	0.4	0.3	0.1	-1.00	1.00	
0.1	0.1	0.1	0.1	0.2	0.1	0.3	0.1	0.1	1.00	-1.00	
0.4	1.0	0.8	0.5	0.4	0.1	1.0	0.1	0.1	-1.00	1.00	
0.4	0.1	0.1	0.1	0.2	0.1	0.3	0.2	0.1	1.00	-1.00	
1.0	0.3	0.3	1.0	0.2	1.0	0.7	0.3	0.3	-1.00	1.00	
0.4	0.3	0.3	0.1	0.2	0.1	0.3	0.3	0.1	-1.00	-1.00	
0.1	0.1	0.1	0.1	0.2	0.1	0.1	0.1	0.1	1.00	-1.00	
0.3	0.1	0.1	0.3	0.8	0.1	0.5	0.8	0.1	1.00	1.00	
0.6	0.1	0.1	0.1	0.2	0.1	0.3	0.1	0.1	1.00	1.00	
0.4	0.6	0.5	0.6	0.7	0.35	0.4	0.9	0.1	-1.00	1.00	
0.5	0.2	0.2	0.2	0.1	0.1	0.2	0.1	0.1	-1.00	-1.00	
0.1	0.1	0.1	0.1	0.2	0.1	0.1	0.1	0.1	1.00	-1.00	
0.4	0.5	0.5	1.0	0.4	1.0	0.7	0.5	0.8	-1.00	1.00	
1.0	0.5	0.8	1.0	0.3	1.0	0.5	0.1	0.3	-1.00	-1.00	
0.3	0.1	0.1	0.1	0.2	0.1	0.2	0.1	0.1	1.00	-1.00	
1.0	1.0	1.0	0.4	0.8	0.1	0.8	1.0	0.1	-1.00	1.00	
0.5	0.1	0.4	0.1	0.2	0.1	0.3	0.2	0.1	-1.00	-1.00	
0.5	0.1	0.1	0.1	0.2	0.1	0.3	0.1	0.1	1.00	-1.00	
0.3	0.1	0.3	0.1	0.2	0.35	0.2	0.1	0.1	1.00	-1.00	
0.1	0.1	0.1	0.3	0.1	0.3	0.1	0.1	0.1	1.00	-1.00	
0.5	0.1	0.1	0.1	0.2	0.1	0.1	0.1	0.1	1.00	-1.00	
0.6	0.6	0.6	0.9	0.6	0.35	0.7	0.8	0.1	-1.00	1.00	
0.1	0.1	0.1	0.1	0.1	0.1	0.2	0.1	0.1	1.00	-1.00	
0.6	0.1	0.1	0.1	0.2	0.1	0.3	0.1	0.1	1.00	1.00	
0.3	0.1	0.1	0.1	0.2	0.1	0.3	0.1	0.1	1.00	-1.00	
0.4	0.8	0.6	0.4	0.3	0.4	1.0	0.6	0.1	-1.00	1.00	
0.4	0.1	0.1	0.3	0.1	0.1	0.2	0.1	0.1	1.00	-1.00	
0.5	0.8	0.8	1.0	0.5	1.0	0.8	1.0	0.3	-1.00	1.00	
0.3	0.1	0.1	0.1	0.2	0.1	0.1	0.1	0.1	1.00	-1.00	
0.2	0.1	0.3	0.2	0.2	0.1	0.2	0.1	0.1	1.00	-1.00	
0.1	0.1	0.1	0.1	0.1	0.1	0.3	0.1	0.1	1.00	-1.00	
0.1	0.1	0.1	0.1	0.2	0.35	0.2	0.1	0.1	1.00	-1.00	
0.1	0.1	0.1	0.1	0.2	0.1	0.1	0.1	0.1	1.00	-1.00	
0.2	0.3	0.1	0.1	0.2	0.1	0.2	0.1	0.1	1.00	-1.00	
0.4	0.1	0.1	0.1	0.2	0.1	0.1	0.1	0.1	1.00	-1.00	
0.5	0.3	0.3	0.1	0.2	0.1	0.2	0.1	0.1	-1.00	-1.00	
1.0	1.0	0.8	0.6	0.4	0.5	0.8	1.0	0.1	-1.00	1.00	
0.6	0.8	0.7	0.8	0.6	0.8	0.8	0.9	0.1	-1.00	1.00	
0.5	1.0	1.0	0.9	0.6	1.0	0.7	1.0	0.5	-1.00	1.00	
0.5	0.1	0.1	0.6	0.3	0.1	0.2	0.1	0.1	1.00	-1.00	
0.3	0.1	0.1	0.1	0.2	0.1	0.3	0.1	0.1	1.00	-1.00	
1.0	0.6	0.4	0.3	1.0	1.0	0.9	1.0	0.1	-1.00	1.00	
0.6	1.0	1.0	0.2	0.8	1.0	0.7	0.3	0.3	-1.00	1.00	
0.4	0.1	0.4	0.1	0.2	0.1	0.1	0.1	0.1	-1.00	-1.00	
0.3	0.1	0.1	0.1	0.2	0.1	0.2	0.1	0.1	1.00	-1.00	
0.3	0.2	0.2	0.3	0.2	0.1	0.1	0.1	0.1	-1.00	-1.00	
0.2	0.1	0.1	0.1	0.2	0.1	0.1	0.1	0.1	1.00	-1.00	
0.5	0.6	0.6	0.8	0.6	1.0	0.4	1.0	0.4	-1.00	1.00	
0.4	0.5	0.5	0.8	0.6	1.0	1.0	0.7	0.1	-1.00	1.00	
0.4	0.1	0.1	0.1	0.2	0.1	0.2	0.1	0.1	1.00	-1.00	
0.3	0.3	0.1	0.1	0.2	0.1	0.1	0.1	0.1	1.00	-1.00	
0.3	1.0	0.7	0.8	0.5	0.8	0.7	0.4	0.1	-1.00	1.00	
0.1	0.1	0.1	0.1	0.2	0.1	0.1	0.1	0.1	1.00	-1.00	
0.5	0.1	0.1	0.1	0.2	0.1	0.2	0.2	0.1	1.00	-1.00	
0.8	0.7	0.4	0.4	0.5	0.3	0.5	1.0	0.1	-1.00	1.00	
0.8	0.4	0.5	0.1	0.2	0.35	0.7	0.3	0.1	-1.00	1.00	
0.5	0.1	0.1	0.1	0.2	0.1	0.2	0.1	0.1	1.00	-1.00	
0.4	0.1	0.1	0.1	0.2	0.1	0.2	0.1	0.1	1.00	-1.00	
0.5	0.7	0.9	0.8	0.6	1.0	0.8	1.0	0.1	-1.00	1.00	
0.3	0.1	0.1	0.1	0.2	0.1	0.2	0.1	0.1	1.00	-1.00	
0.3	0.1	0.1	0.1	0.3	0.2	0.1	0.1	0.1	1.00	-1.00	
0.1	0.1	0.1	0.1	0.1	0.1	0.1	0.1	0.1	1.00	-1.00	
0.5	0.1	0.2	0.1	0.2	0.1	0.3	0.1	0.1	1.00	-1.00	
0.2	0.3	0.1	0.1	0.5	0.1	0.1	0.1	0.1	1.00	-1.00	
0.3	0.1	0.2	0.1	0.2	0.1	0.2	0.1	0.1	1.00	-1.00	
0.2	0.1	0.1	0.1	0.2	0.1	0.1	0.1	0.1	1.00	-1.00	
0.2	0.1	0.1	0.1	0.2	0.1	0.2	0.1	0.1	1.00	-1.00	
0.3	0.1	0.1	0.1	0.2	0.1	0.3	0.1	0.1	1.00	-1.00	
0.1	0.1	0.1	0.1	0.2	0.1	0.2	0.1	0.1	1.00	-1.00	
0.1	0.1	0.1	0.1	0.2	0.1	0.1	0.1	0.8	1.00	-1.00	
0.5	0.2	0.2	0.2	0.2	0.2	0.3	0.2	0.2	-1.00	-1.00	
0.3	0.1	0.1	0.1	0.2	0.1	0.2	0.1	0.1	1.00	-1.00	
0.3	0.1	0.1	0.1	0.2	0.4	0.1	0.1	0.1	1.00	-1.00	
0.1	0.1	0.1	0.2	0.1	0.1	0.1	0.1	0.1	1.00	-1.00	
0.1	0.1	0.2	0.1	0.2	0.2	0.4	0.2	0.1	1.00	-1.00	
0.8	1.0	1.0	1.0	0.5	1.0	0.8	1.0	0.6	-1.00	1.00	
0.5	0.8	0.7	0.7	1.0	1.0	0.5	0.7	0.1	-1.00	1.00	
1.0	0.5	0.7	0.4	0.4	1.0	0.8	0.9	0.1	-1.00	1.00	
0.8	0.4	0.4	0.1	0.2	0.9	0.3	0.3	0.1	-1.00	1.00	
0.3	0.2	0.2	0.2	0.2	0.1	0.3	0.2	0.1	-1.00	-1.00	
0.4	0.2	0.3	0.5	0.3	0.8	0.7	0.6	0.1	-1.00	1.00	
0.7	0.5	1.0	1.0	1.0	1.0	0.4	1.0	0.3	-1.00	1.00	
0.1	0.1	0.1	0.1	0.2	0.1	0.1	0.1	0.1	1.00	-1.00	
0.3	0.2	0.1	0.1	0.2	0.1	0.2	0.2	0.1	1.00	-1.00	
0.5	0.1	0.1	0.1	0.2	0.1	0.2	0.1	0.1	1.00	-1.00	
0.4	0.6	0.6	0.5	0.7	0.6	0.7	0.7	0.3	-1.00	1.00	
0.7	0.8	0.8	0.7	0.3	1.0	0.7	0.2	0.3	-1.00	1.00	
0.2	0.3	0.1	0.1	0.3	0.1	0.1	0.1	0.1	1.00	-1.00	
0.2	0.1	0.1	0.2	0.2	0.1	0.3	0.1	0.1	1.00	-1.00	
0.2	0.1	0.1	0.1	0.2	0.1	0.3	0.1	0.1	1.00	-1.00	
0.4	0.1	0.2	0.1	0.2	0.1	0.2	0.1	0.1	1.00	-1.00	
0.3	0.1	0.1	0.1	0.2	0.1	0.2	0.1	0.1	1.00	-1.00	
0.5	0.4	0.3	0.1	0.2	0.35	0.2	0.3	0.1	-1.00	1.00	
0.3	0.1	0.1	0.1	0.2	0.1	0.3	0.1	0.1	1.00	-1.00	
0.4	0.1	0.3	0.1	0.2	0.1	0.2	0.1	0.1	1.00	-1.00	
0.6	1.0	1.0	1.0	1.0	1.0	0.8	1.0	1.0	-1.00	1.00	
0.5	0.1	0.1	0.1	0.2	0.1	0.3	0.1	0.1	1.00	-1.00	
0.1	0.1	0.1	0.1	0.2	0.1	0.2	0.1	0.1	1.00	-1.00	
0.3	0.1	0.1	0.1	0.2	0.1	0.3	0.1	0.1	1.00	-1.00	
0.1	0.1	0.1	0.2	0.2	0.1	0.2	0.1	0.1	1.00	-1.00	
0.3	0.1	0.1	0.1	0.2	0.1	0.1	0.1	0.1	1.00	-1.00	
1.0	0.7	0.7	0.6	0.4	1.0	0.4	0.1	0.2	-1.00	1.00	
0.2	0.1	0.1	0.1	0.2	0.1	0.1	0.1	0.1	1.00	-1.00	
0.1	0.1	0.1	0.3	0.2	0.3	0.1	0.1	0.1	1.00	-1.00	
0.4	0.1	0.1	0.1	0.2	0.1	0.2	0.1	0.1	1.00	-1.00	
0.1	0.1	0.3	0.1	0.2	0.1	0.2	0.1	0.1	1.00	-1.00	
0.8	1.0	1.0	1.0	0.8	1.0	1.0	0.7	0.3	-1.00	1.00	
1.0	0.6	0.4	0.1	0.3	0.4	0.3	0.2	0.3	-1.00	1.00	
0.5	1.0	1.0	0.5	0.4	0.5	0.4	0.4	0.1	-1.00	-1.00	
1.0	1.0	1.0	0.2	1.0	1.0	0.5	0.3	0.3	-1.00	1.00	
0.5	0.2	0.1	0.1	0.2	0.1	0.3	0.1	0.1	1.00	1.00	
0.3	0.1	0.1	0.3	0.2	0.1	0.2	0.1	0.1	1.00	-1.00	
0.5	0.4	0.6	1.0	0.2	1.0	0.4	0.1	0.1	-1.00	-1.00	
0.2	0.1	0.1	0.1	0.2	0.1	0.1	0.1	0.1	1.00	-1.00	
1.0	0.4	0.2	0.1	0.3	0.2	0.4	0.3	1.0	-1.00	1.00	
0.3	0.1	0.1	0.1	0.2	0.1	0.2	0.1	0.1	1.00	-1.00	
0.5	0.6	0.6	0.2	0.4	1.0	0.3	0.6	0.1	-1.00	1.00	
0.4	0.3	0.1	0.1	0.2	0.1	0.4	0.8	0.1	-1.00	1.00	
0.3	0.1	0.1	0.1	0.2	0.1	0.1	0.1	0.1	1.00	-1.00	
0.3	0.1	0.2	0.2	0.2	0.1	0.1	0.1	0.1	1.00	-1.00	
1.0	1.0	1.0	1.0	0.7	1.0	0.7	1.0	0.4	-1.00	1.00	
0.5	0.1	0.1	0.1	0.2	0.1	0.3	0.1	0.1	1.00	-1.00	
0.3	0.1	0.1	0.1	0.1	0.1	0.2	0.1	0.1	1.00	-1.00	
0.3	0.1	0.1	0.1	0.2	0.1	0.1	0.1	0.1	1.00	-1.00	
0.4	0.1	0.1	0.1	0.2	0.1	0.3	0.1	0.1	1.00	-1.00	
0.3	0.1	0.1	0.4	0.3	0.1	0.2	0.2	0.1	1.00	-1.00	
0.9	1.0	1.0	1.0	1.0	1.0	1.0	1.0	0.1	-1.00	1.00	
0.5	0.1	0.1	0.1	0.2	0.2	0.3	0.3	0.1	1.00	1.00	
0.4	0.1	0.1	0.1	0.2	0.1	0.2	0.1	0.1	1.00	-1.00	
0.4	0.1	0.1	0.1	0.2	0.1	0.3	0.1	0.1	1.00	-1.00	
1.0	1.0	1.0	0.1	0.6	0.1	0.2	0.8	0.1	-1.00	1.00	
0.4	0.1	0.1	0.1	0.2	0.1	0.1	0.1	0.1	1.00	-1.00	
0.9	1.0	1.0	0.1	1.0	0.8	0.3	0.3	0.1	-1.00	1.00	
0.1	0.1	0.1	0.1	0.2	0.1	0.1	0.1	0.1	1.00	-1.00	
0.3	1.0	0.8	0.7	0.6	0.9	0.9	0.3	0.8	-1.00	1.00	
0.2	0.1	0.1	0.1	0.1	0.1	0.3	0.1	0.1	1.00	-1.00	
0.5	0.3	0.4	0.1	0.8	1.0	0.4	0.9	0.1	-1.00	1.00	
0.4	0.1	0.1	0.1	0.2	0.1	0.1	0.1	0.1	1.00	-1.00	
0.5	0.3	0.3	0.3	0.2	0.3	0.4	0.4	0.1	-1.00	1.00	
0.1	0.3	0.1	0.2	0.2	0.2	0.5	0.3	0.2	-1.00	1.00	
1.0	0.5	0.7	0.3	0.3	0.7	0.3	0.3	0.8	-1.00	1.00	
0.2	0.1	0.1	0.1	0.2	0.1	0.2	0.1	0.1	1.00	-1.00	
1.0	0.1	0.1	0.1	0.2	1.0	0.5	0.4	0.1	1.00	1.00	
0.3	0.1	0.1	0.1	0.1	0.1	0.2	0.1	0.1	1.00	-1.00	
1.0	0.4	0.3	1.0	0.4	1.0	1.0	0.1	0.1	-1.00	1.00	
0.3	0.3	0.5	0.2	0.3	1.0	0.7	0.1	0.1	-1.00	1.00	
1.0	1.0	1.0	1.0	1.0	1.0	0.4	1.0	1.0	-1.00	1.00	
0.3	0.1	0.1	0.1	0.2	0.5	0.5	0.1	0.1	1.00	1.00	
0.8	1.0	0.4	0.4	0.8	1.0	0.8	0.2	0.1	-1.00	1.00	
0.1	0.1	0.1	0.1	0.2	0.1	0.3	0.1	0.1	1.00	-1.00	
0.2	0.7	1.0	1.0	0.7	1.0	0.4	0.9	0.4	-1.00	-1.00	
0.7	0.4	0.5	1.0	0.2	1.0	0.3	0.8	0.2	-1.00	1.00	
0.3	0.3	0.6	0.4	0.5	0.8	0.4	0.4	0.1	-1.00	1.00	
0.1	0.1	0.1	0.1	0.2	0.1	0.2	0.1	0.1	1.00	-1.00	
0.1	0.1	0.3	0.1	0.2	0.35	0.2	0.1	0.1	1.00	-1.00	
0.3	0.1	0.1	0.1	0.2	0.1	0.2	0.1	0.1	1.00	-1.00	
0.5	0.1	0.1	0.1	0.2	0.1	0.1	0.1	0.1	1.00	-1.00	
0.5	0.2	0.3	0.4	0.2	0.7	0.3	0.6	0.1	-1.00	1.00	
0.8	0.4	0.7	0.1	0.3	1.0	0.3	0.9	0.2	-1.00	1.00	
0.4	0.1	0.1	0.1	0.2	0.1	0.1	0.1	0.1	1.00	-1.00	
0.5	1.0	1.0	0.6	1.0	1.0	1.0	0.6	0.5	-1.00	1.00	
1.0	0.3	0.5	0.4	0.3	0.7	0.3	0.5	0.3	-1.00	1.00	
0.2	0.1	0.1	0.1	0.2	0.1	0.3	0.1	0.1	1.00	-1.00	
0.1	0.1	0.1	0.1	0.3	0.1	0.1	0.1	0.1	1.00	-1.00	
1.0	1.0	0.6	0.3	0.3	1.0	0.4	0.3	0.2	-1.00	1.00	
0.6	0.3	0.3	0.5	0.3	1.0	0.3	0.5	0.3	-1.00	1.00	
0.2	0.1	0.1	0.1	0.2	0.1	0.2	0.1	0.1	1.00	-1.00	
0.1	0.1	0.1	0.1	0.1	0.35	0.1	0.1	0.1	1.00	-1.00	
0.1	0.1	0.1	0.1	0.2	0.1	0.3	0.1	0.1	1.00	-1.00	
0.2	0.1	0.1	0.2	0.3	0.1	0.2	0.1	0.1	1.00	-1.00	
0.5	0.1	0.1	0.1	0.2	0.1	0.2	0.1	0.1	1.00	-1.00	
0.6	0.5	0.5	0.8	0.4	1.0	0.3	0.4	0.1	-1.00	1.00	
0.5	0.1	0.1	0.1	0.2	0.1	0.2	0.1	0.1	1.00	-1.00	
0.1	0.1	0.1	0.1	0.1	0.1	0.1	0.1	0.1	1.00	-1.00	
0.3	0.1	0.4	0.1	0.2	0.1	0.1	0.1	0.1	-1.00	-1.00	
0.1	0.1	0.1	0.1	0.1	0.1	0.2	0.1	0.1	1.00	-1.00	
0.3	0.1	0.1	0.1	0.2	0.1	0.1	0.1	0.1	1.00	-1.00	
0.6	0.1	0.3	0.1	0.4	0.5	0.5	1.0	0.1	-1.00	1.00	
0.4	0.1	0.1	0.3	0.2	0.1	0.3	0.1	0.1	1.00	-1.00	
0.4	0.1	0.1	0.1	0.2	0.1	0.3	0.1	0.1	1.00	-1.00	
0.7	0.6	0.6	0.3	0.2	1.0	0.7	0.1	0.1	-1.00	1.00	
0.8	0.6	0.5	0.4	0.3	1.0	0.6	0.1	0.1	-1.00	1.00	
0.5	0.3	0.2	0.8	0.5	1.0	0.8	0.1	0.2	-1.00	1.00	
1.0	0.5	0.5	0.6	0.8	0.8	0.7	0.1	0.1	-1.00	1.00	
1.0	0.4	0.6	0.1	0.2	1.0	0.5	0.3	0.1	-1.00	1.00	
0.9	0.7	0.7	0.5	0.5	1.0	0.7	0.8	0.3	-1.00	1.00	
0.1	0.1	0.1	0.1	0.1	0.1	0.3	0.1	0.1	1.00	-1.00	
0.2	0.1	0.1	0.1	0.2	0.1	0.1	0.1	0.1	1.00	-1.00	
1.0	1.0	1.0	1.0	1.0	0.1	0.8	0.8	0.8	-1.00	1.00	
0.1	0.1	0.1	0.1	0.1	0.1	0.3	0.1	0.1	1.00	-1.00	
0.5	0.1	0.3	0.3	0.2	0.2	0.2	0.3	0.1	-1.00	-1.00	
0.6	0.6	0.6	0.5	0.4	1.0	0.7	0.6	0.2	-1.00	1.00	
0.3	0.1	0.1	0.1	0.3	0.1	0.2	0.1	0.1	1.00	-1.00	
0.1	0.1	0.1	0.1	0.1	0.35	0.2	0.1	0.1	1.00	-1.00	
1.0	1.0	1.0	0.7	1.0	1.0	0.8	0.2	0.1	-1.00	1.00	
0.1	0.1	0.1	0.1	1.0	0.1	0.1	0.1	0.1	1.00	-1.00	
0.2	0.1	0.1	0.1	0.2	0.1	0.1	0.1	0.1	1.00	-1.00	
0.3	0.1	0.1	0.1	0.2	0.1	0.2	0.1	0.1	1.00	-1.00	
0.5	0.2	0.1	0.1	0.2	0.1	0.1	0.1	0.1	1.00	-1.00	
0.1	0.3	0.3	0.2	0.2	0.1	0.7	0.2	0.1	-1.00	-1.00	
0.4	0.4	0.4	0.4	0.6	0.5	0.7	0.3	0.1	-1.00	1.00	
0.2	0.1	0.1	0.1	0.2	0.1	0.2	0.1	0.1	1.00	-1.00	
0.2	0.1	0.1	0.1	0.2	0.1	0.2	0.2	0.1	1.00	-1.00	
0.3	0.1	0.1	0.1	0.2	0.1	0.2	0.1	0.1	1.00	-1.00	
1.0	0.8	0.8	0.2	0.3	0.4	0.8	0.7	0.8	-1.00	1.00	
0.4	0.1	0.1	0.1	0.2	0.1	0.2	0.1	0.1	1.00	-1.00	
0.5	0.6	0.7	0.8	0.8	1.0	0.3	1.0	0.3	-1.00	1.00	
0.3	0.1	0.1	0.1	0.2	0.1	0.2	0.1	0.1	1.00	-1.00	
1.0	0.5	1.0	0.3	0.5	0.8	0.7	0.8	0.3	-1.00	1.00	
1.0	0.4	0.3	0.2	0.3	1.0	0.5	0.3	0.2	-1.00	1.00	
0.2	0.1	0.1	0.1	0.2	0.1	0.2	0.1	0.1	1.00	-1.00	
0.1	0.1	0.3	0.1	0.2	0.1	0.1	0.1	0.1	1.00	-1.00	
0.3	0.1	0.1	0.1	0.1	0.1	0.2	0.1	0.1	1.00	-1.00	
1.0	0.8	0.4	0.4	0.4	1.0	0.3	1.0	0.4	-1.00	1.00	
0.6	0.1	0.1	0.1	0.1	0.1	0.1	0.1	0.1	1.00	-1.00	
1.0	0.4	0.3	0.1	0.3	0.3	0.6	0.5	0.2	-1.00	1.00	
0.1	0.1	0.1	0.1	0.1	0.1	0.1	0.3	0.1	1.00	-1.00	
0.4	0.1	0.2	0.1	0.2	0.1	0.2	0.1	0.1	1.00	-1.00	
0.8	0.5	0.6	0.2	0.3	1.0	0.6	0.6	0.1	-1.00	1.00	
0.7	0.8	0.7	0.2	0.4	0.8	0.3	0.8	0.2	-1.00	1.00	
0.5	0.1	0.1	0.3	0.2	0.1	0.1	0.1	0.1	1.00	-1.00	
0.4	0.1	0.1	0.1	0.2	0.1	0.2	0.1	0.1	1.00	-1.00	
0.1	0.1	0.2	0.1	0.3	0.35	0.1	0.1	0.1	1.00	-1.00	
0.4	0.2	0.1	0.1	0.2	0.2	0.3	0.1	0.1	1.00	1.00	
0.6	0.2	0.1	0.1	0.1	0.1	0.7	0.1	0.1	1.00	1.00	
0.3	0.1	0.1	0.1	0.2	0.1	0.1	0.1	0.1	1.00	-1.00	
0.3	0.1	0.1	0.1	0.2	0.1	0.3	0.1	0.1	1.00	-1.00	
0.1	0.2	0.2	0.1	0.2	0.1	0.1	0.1	0.1	1.00	-1.00	
0.3	0.2	0.2	0.1	0.2	0.1	0.2	0.3	0.1	-1.00	-1.00	
0.1	0.1	0.1	0.1	0.5	0.1	0.3	0.1	0.1	1.00	-1.00	
0.5	0.1	0.1	0.1	0.2	0.1	0.2	0.2	0.1	1.00	-1.00	
0.1	0.1	0.1	0.1	0.2	0.1	0.2	0.1	0.1	1.00	-1.00	
1.0	0.6	0.5	0.8	0.5	1.0	0.8	0.6	0.1	-1.00	1.00	
0.1	0.1	0.1	0.1	0.2	0.1	0.3	0.1	0.1	1.00	-1.00	
0.2	0.1	0.1	0.1	0.2	0.1	0.3	0.1	0.1	1.00	-1.00	
0.1	0.1	0.1	0.1	0.2	0.1	0.1	0.1	0.1	1.00	-1.00	
0.1	0.1	0.1	0.1	0.2	0.5	0.1	0.1	0.1	1.00	-1.00	
0.1	0.1	0.1	0.1	0.2	0.1	0.2	0.1	0.1	1.00	-1.00	
1.0	0.9	0.7	0.3	0.4	0.2	0.7	0.7	0.1	-1.00	1.00	
0.1	0.1	0.1	0.1	0.2	0.2	0.1	0.1	0.1	1.00	-1.00	
0.3	0.1	0.1	0.1	0.3	0.1	0.2	0.1	0.1	1.00	-1.00	
0.2	0.1	0.1	0.1	0.2	0.1	0.3	0.1	0.1	1.00	-1.00	
0.5	0.1	0.2	0.1	0.2	0.1	0.1	0.1	0.1	1.00	-1.00	
0.8	0.3	0.5	0.4	0.5	1.0	0.1	0.6	0.2	-1.00	1.00	
1.0	1.0	1.0	0.8	0.6	0.1	0.8	0.9	0.1	-1.00	1.00	
0.3	0.1	0.1	0.1	0.2	0.1	0.1	0.1	0.1	1.00	-1.00	
0.1	0.1	0.1	0.1	0.2	0.1	0.3	0.1	0.1	1.00	-1.00	
0.1	0.1	0.1	0.1	0.2	0.1	0.2	0.1	0.1	1.00	-1.00	
0.9	1.0	1.0	0.1	1.0	0.8	0.3	0.3	0.1	-1.00	1.00	
0.5	0.3	0.4	0.3	0.4	0.5	0.4	0.7	0.1	-1.00	1.00	
0.5	0.1	0.1	0.1	0.2	0.1	0.1	0.1	0.1	1.00	-1.00	
0.8	0.8	0.7	0.4	1.0	1.0	0.7	0.8	0.7	-1.00	1.00	
0.3	0.1	0.1	0.1	0.2	0.1	0.2	0.2	0.1	1.00	-1.00	
0.3	0.3	0.2	0.1	0.3	0.1	0.3	0.6	0.1	-1.00	1.00	
0.6	1.0	1.0	1.0	0.8	1.0	0.7	1.0	0.7	-1.00	1.00	
1.0	0.3	0.4	0.5	0.3	1.0	0.4	0.1	0.1	-1.00	1.00	
0.1	0.1	0.1	0.3	0.2	0.1	0.1	0.1	0.1	1.00	-1.00	
0.4	0.8	0.8	0.5	0.4	0.5	1.0	0.4	0.1	-1.00	1.00	
0.2	0.3	0.2	0.2	0.2	0.2	0.3	0.1	0.1	-1.00	-1.00	
0.1	0.1	0.1	0.1	0.2	0.1	0.2	0.1	0.1	1.00	-1.00	
0.7	0.8	0.7	0.6	0.4	0.3	0.8	0.8	0.4	-1.00	1.00	
0.3	0.1	0.1	0.1	0.2	0.5	0.1	0.1	0.1	1.00	-1.00	
0.8	1.0	1.0	1.0	0.6	1.0	1.0	1.0	1.0	-1.00	1.00	
0.7	0.5	0.6	1.0	0.5	1.0	0.7	0.9	0.4	-1.00	1.00	
0.5	0.1	0.1	0.3	0.2	0.1	0.1	0.1	0.1	1.00	-1.00	
0.1	0.1	0.1	0.1	0.1	0.1	0.3	0.1	0.1	1.00	-1.00	
0.3	0.4	0.4	1.0	0.5	0.1	0.3	0.3	0.1	-1.00	-1.00	
0.5	0.3	0.1	0.2	0.2	0.1	0.2	0.1	0.1	-1.00	-1.00	
0.1	0.1	0.1	0.1	0.2	0.1	0.2	0.1	0.1	1.00	-1.00	
1.0	0.3	0.6	0.2	0.3	0.5	0.4	1.0	0.2	-1.00	1.00	
0.9	1.0	1.0	1.0	1.0	0.5	1.0	1.0	1.0	-1.00	1.00	
0.1	0.1	0.1	0.1	0.4	0.3	0.1	0.1	0.1	1.00	-1.00	
0.6	0.1	0.1	0.3	0.2	0.1	0.1	0.1	0.1	1.00	-1.00	
0.6	0.8	0.7	0.5	0.6	0.8	0.8	0.9	0.2	-1.00	1.00	
0.5	0.7	1.0	1.0	0.5	1.0	1.0	1.0	0.1	-1.00	1.00	
0.2	0.5	0.3	0.3	0.6	0.7	0.7	0.5	0.1	-1.00	1.00	
0.8	0.6	0.7	0.3	0.3	1.0	0.3	0.4	0.2	-1.00	1.00	
0.5	0.3	0.3	0.3	0.6	1.0	0.3	0.1	0.1	1.00	1.00	
0.4	0.1	0.1	0.2	0.2	0.1	0.2	0.1	0.1	1.00	-1.00	
0.5	0.3	0.1	0.1	0.2	0.1	0.1	0.1	0.1	1.00	-1.00	
0.8	0.3	0.4	0.9	0.3	1.0	0.3	0.3	0.1	-1.00	1.00	
0.4	0.1	0.1	0.1	0.2	0.1	0.3	0.1	0.1	1.00	-1.00	
0.1	0.1	0.1	0.1	0.2	0.1	0.3	0.1	0.1	1.00	-1.00	
0.1	0.1	0.1	0.1	0.2	0.1	0.3	0.1	0.1	1.00	-1.00	
0.5	0.8	0.8	0.8	0.5	1.0	0.7	0.8	0.1	-1.00	1.00	
0.5	0.1	0.1	0.1	0.2	0.1	0.2	0.1	0.1	1.00	-1.00	
0.5	0.1	0.1	0.6	0.3	0.1	0.1	0.1	0.1	1.00	-1.00	
0.3	0.3	0.2	0.2	0.3	0.1	0.1	0.2	0.3	-1.00	-1.00	
0.3	0.1	0.1	0.1	0.2	0.35	0.3	0.1	0.1	1.00	1.00	
1.0	0.4	0.4	1.0	0.2	1.0	0.5	0.3	0.3	-1.00	1.00	
0.3	0.4	0.5	0.2	0.6	0.8	0.4	0.1	0.1	-1.00	1.00	
0.1	0.1	0.1	0.1	0.2	0.1	0.3	0.1	0.1	1.00	-1.00	
0.3	0.2	0.2	0.3	0.2	0.3	0.3	0.1	0.1	-1.00	-1.00	
1.0	0.4	0.4	0.6	0.2	1.0	0.2	0.3	0.1	-1.00	1.00	
0.3	0.1	0.1	0.1	0.2	0.1	0.3	0.1	0.1	1.00	-1.00	
0.5	1.0	1.0	1.0	0.4	1.0	0.5	0.6	0.3	-1.00	1.00	
0.3	0.1	0.1	0.1	0.2	0.2	0.7	0.1	0.1	1.00	1.00	
0.8	1.0	1.0	0.1	0.3	0.6	0.3	0.9	0.1	-1.00	1.00	
0.2	0.1	0.1	0.2	0.2	0.1	0.1	0.1	0.1	1.00	-1.00	
0.1	0.1	0.1	0.1	0.2	0.1	0.1	0.1	0.1	1.00	-1.00	
1.0	0.4	0.5	0.4	0.3	0.5	0.7	0.3	0.1	-1.00	1.00	
0.4	0.2	0.4	0.3	0.2	0.2	0.2	0.1	0.1	-1.00	-1.00	
0.7	0.5	0.3	0.7	0.4	1.0	0.7	0.5	0.5	-1.00	1.00	
0.5	0.1	0.1	0.1	0.2	0.1	0.3	0.1	0.1	1.00	-1.00	
0.5	0.1	0.1	0.1	0.2	0.1	0.2	0.2	0.1	1.00	-1.00	
0.5	1.0	1.0	1.0	0.6	1.0	0.6	0.5	0.2	-1.00	1.00	
0.3	0.1	0.1	0.1	0.2	0.1	0.2	0.1	0.1	1.00	-1.00	
0.5	0.3	0.2	0.1	0.3	0.1	0.1	0.1	0.1	1.00	-1.00	
0.5	0.3	0.3	0.4	0.2	0.4	0.3	0.4	0.1	-1.00	1.00	
0.5	0.4	0.4	0.5	0.7	1.0	0.3	0.2	0.1	-1.00	1.00	
0.1	0.1	0.1	0.1	0.2	0.1	0.2	0.1	0.1	1.00	-1.00	
0.3	0.1	0.1	0.1	0.2	0.1	0.2	0.1	0.1	1.00	-1.00	
0.3	0.3	0.5	0.2	0.3	1.0	0.7	0.1	0.1	-1.00	1.00	
0.1	0.2	0.3	0.1	0.2	0.1	0.2	0.1	0.1	-1.00	-1.00	
0.5	0.1	0.1	0.1	0.2	0.1	0.1	0.1	0.1	1.00	-1.00	
0.1	0.2	0.2	0.1	0.2	0.1	0.1	0.1	0.1	1.00	-1.00	
0.5	0.3	0.2	0.4	0.2	0.1	0.1	0.1	0.1	-1.00	-1.00	
0.8	0.6	0.4	1.0	1.0	0.1	0.3	0.5	0.1	-1.00	-1.00	
0.1	0.1	0.1	0.1	0.2	0.1	0.1	0.1	0.1	1.00	-1.00	
0.9	0.4	0.5	1.0	0.6	1.0	0.4	0.8	0.1	-1.00	1.00	
0.4	0.1	0.1	0.1	0.2	0.1	0.3	0.1	0.1	1.00	-1.00	
0.3	0.1	0.1	0.1	0.1	0.1	0.2	0.1	0.1	1.00	-1.00	
0.5	0.1	0.3	0.1	0.2	0.1	0.2	0.1	0.1	1.00	-1.00	
0.5	0.2	0.2	0.2	0.3	0.1	0.1	0.3	0.1	-1.00	-1.00	
0.3	0.1	0.4	0.1	0.2	0.35	0.3	0.1	0.1	-1.00	-1.00	
0.1	0.1	0.1	0.3	0.2	0.1	0.1	0.1	0.1	1.00	-1.00	
0.5	1.0	1.0	0.8	0.5	0.5	0.7	1.0	0.1	-1.00	1.00	
0.2	0.1	0.1	0.1	0.2	0.1	0.3	0.1	0.1	1.00	-1.00	
0.4	0.2	0.2	0.1	0.2	0.1	0.2	0.1	0.1	1.00	-1.00	
1.0	0.6	0.3	0.6	0.4	1.0	0.7	0.8	0.4	-1.00	1.00	
0.3	0.1	0.3	0.1	0.3	0.4	0.1	0.1	0.1	1.00	-1.00	
0.5	0.1	0.1	0.1	0.2	0.1	0.1	0.1	0.1	1.00	-1.00	
0.1	0.1	0.1	0.1	0.2	0.1	0.2	0.1	0.1	1.00	-1.00	
1.0	1.0	0.7	0.8	0.7	0.1	1.0	1.0	0.3	-1.00	1.00	
0.9	0.8	0.8	0.5	0.6	0.2	0.4	1.0	0.4	-1.00	1.00	
0.5	0.6	0.5	0.6	1.0	0.1	0.3	0.1	0.1	-1.00	-1.00	
0.2	0.1	0.2	0.1	0.2	0.1	0.3	0.1	0.1	1.00	-1.00	
0.2	0.1	0.1	0.1	0.2	0.1	0.2	0.1	0.1	1.00	-1.00	
0.1	0.1	0.1	0.1	0.2	0.1	0.2	0.1	0.1	1.00	-1.00	
0.5	0.4	0.6	0.7	0.9	0.7	0.8	1.0	0.1	-1.00	1.00	
0.6	1.0	1.0	1.0	0.8	1.0	1.0	1.0	0.7	-1.00	1.00	
0.5	0.1	0.1	0.3	0.2	0.1	0.1	0.1	0.1	1.00	-1.00	
0.2	0.1	0.1	0.2	0.2	0.1	0.3	0.1	0.1	1.00	-1.00	
0.5	0.1	0.1	0.1	0.2	0.1	0.3	0.1	0.2	1.00	-1.00	
0.8	1.0	1.0	0.8	0.6	0.9	0.3	1.0	1.0	-1.00	1.00	
0.1	0.1	0.1	0.1	0.2	0.2	0.2	0.1	0.1	1.00	-1.00	
0.1	0.1	0.1	0.1	0.2	0.1	0.1	0.1	0.1	1.00	-1.00	
0.3	0.1	0.1	0.3	0.2	0.1	0.1	0.1	0.1	1.00	-1.00	
0.8	1.0	0.8	0.8	0.4	0.8	0.7	0.7	0.1	-1.00	1.00	
0.6	0.1	0.1	0.3	0.2	0.1	0.1	0.1	0.1	1.00	-1.00	
0.6	0.9	0.7	0.5	0.5	0.8	0.4	0.2	0.1	-1.00	1.00	
0.1	0.1	0.1	0.1	0.2	0.1	0.1	0.1	0.1	1.00	-1.00	
0.6	1.0	0.2	0.8	1.0	0.2	0.7	0.8	1.0	-1.00	1.00	
0.6	1.0	1.0	1.0	0.4	1.0	0.7	1.0	0.1	-1.00	1.00	
1.0	0.8	1.0	1.0	0.6	0.1	0.3	0.1	1.0	-1.00	-1.00	
1.0	1.0	1.0	0.8	0.2	1.0	0.4	0.1	0.1	-1.00	1.00	
0.6	1.0	0.5	0.5	0.4	1.0	0.6	1.0	0.1	-1.00	1.00	
0.9	0.5	0.8	0.1	0.2	0.3	0.2	0.1	0.5	-1.00	-1.00	
0.1	0.1	0.3	0.1	0.2	0.1	0.1	0.1	0.1	1.00	-1.00	
0.4	0.1	0.1	0.1	0.1	0.1	0.2	0.1	0.1	1.00	-1.00	
1.0	0.5	0.6	1.0	0.6	1.0	0.7	0.7	1.0	-1.00	1.00	
0.4	0.1	0.1	0.1	0.2	0.1	0.2	0.1	0.1	1.00	-1.00	
0.5	0.1	0.3	0.1	0.2	0.1	0.3	0.1	0.1	1.00	-1.00	
0.1	0.1	0.1	0.1	0.2	0.1	0.2	0.1	0.1	1.00	-1.00	
Y1	W1: -0.03364	W2: -0.47760	W3: -0.40024	W4: -0.17057	W5: 0.34483	W6: 0.02236	W7: 0.00006	W8: -0.20087	W9: 0.05654	W10: 0.37001	
Y2	W1: 0.28561	W2: 0.34136	W3: -0.47137	W4: -0.51678	W5: 0.14881	W6: 0.41009	W7: 0.42964	W8: 0.35345	W9: 0.02611	W10: -0.13711	
Porcentaje de aciertos: 85.53571428571428%
