X1	X2	X3	X4	X5	X6	X7	X8	X9	Y1	Y2	
0.1	0.1	0.1	0.1	0.3	0.2	0.2	0.1	0.1	-1.00	-1.00	
0.1	0.1	0.1	0.1	0.2	0.1	0.1	0.1	0.1	-1.00	-1.00	
0.3	0.1	0.1	0.1	0.2	0.1	0.2	0.1	0.1	-1.00	-1.00	
0.9	0.9	1.0	0.3	0.6	1.0	0.7	1.0	0.6	-1.00	-1.00	
0.2	0.1	0.1	0.1	0.2	0.1	0.2	0.2	0.1	-1.00	-1.00	
0.1	0.1	0.3	0.1	0.1	0.1	0.2	0.1	0.1	-1.00	-1.00	
0.4	0.4	0.4	0.2	0.2	0.3	0.2	0.1	0.1	-1.00	-1.00	
0.4	0.1	0.1	0.1	0.2	0.1	0.3	0.1	0.1	-1.00	-1.00	
0.3	0.2	0.2	0.1	0.2	0.1	0.2	0.3	0.1	-1.00	-1.00	
1.0	0.9	0.7	0.3	0.4	0.2	0.7	0.7	0.1	-1.00	-1.00	
0.9	0.5	0.8	0.1	0.2	0.3	0.2	0.1	0.5	-1.00	-1.00	
0.3	1.0	0.3	1.0	0.6	1.0	0.5	0.1	0.4	-1.00	-1.00	
0.1	0.1	0.1	0.1	0.2	0.1	0.3	0.1	0.1	-1.00	-1.00	
0.1	0.1	0.1	0.1	0.2	0.5	0.5	0.1	0.1	-1.00	-1.00	
0.3	0.4	0.5	0.3	0.7	0.3	0.4	0.6	0.1	-1.00	-1.00	
0.1	0.1	0.3	0.1	0.2	0.1	0.1	0.1	0.1	-1.00	-1.00	
0.5	0.4	0.3	0.1	0.2	0.35	0.2	0.3	0.1	-1.00	-1.00	
0.3	0.2	0.2	0.3	0.2	0.3	0.3	0.1	0.1	-1.00	-1.00	
0.5	1.0	1.0	0.5	0.4	0.5	0.4	0.4	0.1	-1.00	-1.00	
0.3	0.1	0.1	0.2	0.3	0.4	0.1	0.1	0.1	-1.00	-1.00	
0.5	0.1	0.2	0.1	0.2	0.1	0.1	0.1	0.1	-1.00	-1.00	
0.2	0.1	0.1	0.1	0.2	0.1	0.3	0.1	0.1	-1.00	-1.00	
0.1	0.1	0.1	0.1	0.2	0.3	0.3	0.1	0.1	-1.00	-1.00	
1.0	0.4	0.5	0.4	0.3	0.5	0.7	0.3	0.1	-1.00	-1.00	
0.2	0.1	0.1	0.1	0.2	0.1	0.3	0.1	0.1	-1.00	-1.00	
0.5	0.8	0.8	1.0	0.5	1.0	0.8	1.0	0.3	-1.00	-1.00	
0.3	0.1	0.1	0.1	0.1	0.1	0.2	0.1	0.1	-1.00	-1.00	
0.1	0.1	0.1	0.1	0.2	0.1	0.2	0.1	0.1	-1.00	-1.00	
0.2	0.3	0.4	0.4	0.2	0.5	0.2	0.5	0.1	-1.00	-1.00	
0.5	0.1	0.2	0.1	0.2	0.1	0.1	0.1	0.1	-1.00	-1.00	
0.3	0.1	0.1	0.1	0.2	0.2	0.3	0.1	0.1	-1.00	-1.00	
0.9	0.7	0.7	0.5	0.5	1.0	0.7	0.8	0.3	-1.00	-1.00	
0.3	0.1	0.1	0.1	0.2	0.1	0.2	0.1	0.1	-1.00	-1.00	
0.4	0.1	0.1	0.2	0.2	0.1	0.2	0.1	0.1	-1.00	-1.00	
1.0	0.4	0.6	0.4	0.5	1.0	0.7	0.1	0.1	-1.00	-1.00	
0.8	1.0	1.0	1.0	0.5	1.0	0.8	1.0	0.6	-1.00	1.00	
0.4	0.1	0.1	0.1	0.2	0.1	0.1	0.1	0.1	-1.00	-1.00	
0.1	0.1	0.1	0.1	0.2	0.1	0.1	0.1	0.1	-1.00	-1.00	
0.4	0.3	0.3	0.1	0.2	0.1	0.3	0.3	0.1	-1.00	-1.00	
0.5	0.1	0.1	0.1	0.1	0.1	0.1	0.1	0.1	-1.00	-1.00	
0.3	0.1	0.1	0.1	0.2	0.1	0.2	0.1	0.1	-1.00	-1.00	
0.6	0.2	0.3	0.1	0.2	0.1	0.1	0.1	0.1	-1.00	-1.00	
0.1	0.1	0.1	0.1	0.2	0.1	0.3	0.1	0.1	-1.00	-1.00	
0.3	0.4	0.5	0.2	0.6	0.8	0.4	0.1	0.1	-1.00	-1.00	
0.1	0.1	0.1	0.1	0.2	0.1	0.1	0.1	0.1	-1.00	-1.00	
0.1	0.1	0.1	0.1	0.2	0.1	0.3	0.2	0.1	-1.00	-1.00	
0.1	0.1	0.2	0.1	0.2	0.2	0.4	0.2	0.1	-1.00	-1.00	
0.5	0.1	0.2	0.1	0.2	0.1	0.1	0.1	0.1	-1.00	-1.00	
0.5	1.0	1.0	1.0	1.0	1.0	1.0	0.1	0.1	-1.00	-1.00	
0.1	0.1	0.2	0.1	0.2	0.1	0.2	0.1	0.1	-1.00	-1.00	
0.3	0.1	0.1	0.1	0.2	0.1	0.1	0.1	0.1	-1.00	-1.00	
0.1	0.1	0.2	0.1	0.3	0.35	0.1	0.1	0.1	-1.00	-1.00	
0.6	0.1	0.1	0.1	0.1	0.1	0.1	0.1	0.1	-1.00	-1.00	
0.2	0.3	0.1	0.1	0.5	0.1	0.1	0.1	0.1	-1.00	-1.00	
1.0	1.0	1.0	0.8	0.6	0.1	0.8	0.9	0.1	-1.00	-1.00	
0.6	0.3	0.4	0.1	0.5	0.2	0.3	0.9	0.1	-1.00	-1.00	
0.2	0.1	0.1	0.1	0.3	0.1	0.2	0.1	0.1	-1.00	-1.00	
0.3	1.0	0.7	0.8	0.5	0.8	0.7	0.4	0.1	-1.00	-1.00	
1.0	0.5	0.7	0.3	0.3	0.7	0.3	0.3	0.8	-1.00	-1.00	
1.0	0.4	0.4	1.0	0.2	1.0	0.5	0.3	0.3	-1.00	-1.00	
0.1	0.1	0.1	0.1	0.1	0.1	0.3	0.1	0.1	-1.00	-1.00	
0.5	0.6	0.5	0.6	1.0	0.1	0.3	0.1	0.1	-1.00	-1.00	
0.5	0.3	0.3	0.1	0.2	0.1	0.2	0.1	0.1	-1.00	-1.00	
0.4	0.1	0.1	0.1	0.2	0.1	0.3	0.1	0.1	-1.00	-1.00	
0.9	0.8	0.8	0.9	0.6	0.3	0.4	0.1	0.1	-1.00	-1.00	
0.6	0.1	0.1	0.3	0.2	0.1	0.1	0.1	0.1	-1.00	-1.00	
0.9	1.0	1.0	1.0	1.0	0.5	1.0	1.0	1.0	-1.00	-1.00	
0.2	0.1	0.1	0.1	0.2	0.1	0.2	0.1	0.1	-1.00	-1.00	
0.2	0.1	0.1	0.1	0.2	0.1	0.2	0.1	0.1	-1.00	-1.00	
0.5	1.0	1.0	0.3	0.7	0.3	0.8	1.0	0.2	-1.00	-1.00	
0.2	0.5	0.3	0.3	0.6	0.7	0.7	0.5	0.1	-1.00	-1.00	
1.0	1.0	1.0	1.0	0.7	1.0	0.7	1.0	0.4	-1.00	1.00	
0.5	0.1	0.2	0.1	0.2	0.1	0.3	0.1	0.1	-1.00	-1.00	
0.5	0.1	0.1	0.3	0.2	0.1	0.1	0.1	0.1	-1.00	-1.00	
0.5	0.1	0.1	0.1	0.2	0.1	0.1	0.1	0.1	-1.00	-1.00	
0.3	0.1	0.1	0.1	0.2	0.1	0.3	0.1	0.1	-1.00	-1.00	
0.1	0.1	0.1	0.1	0.2	0.1	0.3	0.1	0.1	-1.00	-1.00	
0.1	0.1	0.1	0.1	0.2	0.1	0.1	0.1	0.1	-1.00	-1.00	
0.3	0.1	0.1	0.1	0.2	0.1	0.1	0.1	0.1	-1.00	-1.00	
0.4	0.1	0.1	0.1	0.2	0.1	0.2	0.1	0.1	-1.00	-1.00	
0.1	0.1	0.1	0.1	0.1	0.1	0.2	0.1	0.1	-1.00	-1.00	
0.4	0.6	0.6	0.5	0.7	0.6	0.7	0.7	0.3	-1.00	-1.00	
0.3	0.1	0.1	0.1	0.1	0.1	0.2	0.1	0.1	-1.00	-1.00	
0.3	0.1	0.1	0.4	0.3	0.1	0.2	0.2	0.1	-1.00	-1.00	
0.5	0.5	0.5	0.8	1.0	0.8	0.7	0.3	0.7	-1.00	-1.00	
0.3	0.1	0.1	0.1	0.2	0.1	0.1	0.1	0.1	-1.00	-1.00	
0.2	0.1	0.1	0.1	0.2	0.1	0.1	0.1	0.1	-1.00	-1.00	
0.1	0.1	0.1	0.2	0.1	0.3	0.1	0.1	0.7	-1.00	-1.00	
0.3	0.1	0.1	0.1	0.2	0.1	0.2	0.1	0.1	-1.00	-1.00	
0.5	0.2	0.2	0.4	0.2	0.4	0.1	0.1	0.1	-1.00	-1.00	
0.1	0.1	0.1	0.1	0.2	0.1	0.1	0.1	0.1	-1.00	-1.00	
0.6	0.2	0.1	0.1	0.1	0.1	0.7	0.1	0.1	-1.00	-1.00	
0.1	0.1	0.1	0.1	0.2	0.1	0.1	0.1	0.1	-1.00	-1.00	
0.5	0.4	0.6	0.8	0.4	0.1	0.8	1.0	0.1	-1.00	-1.00	
0.9	1.0	1.0	1.0	1.0	1.0	1.0	1.0	0.1	-1.00	1.00	
0.4	0.1	0.1	0.1	0.2	0.1	0.1	0.1	0.1	-1.00	-1.00	
0.1	0.1	0.1	0.1	0.2	0.1	0.1	0.1	0.1	-1.00	-1.00	
1.0	0.4	0.3	0.1	0.3	0.3	0.6	0.5	0.2	-1.00	-1.00	
0.1	0.1	0.1	0.1	0.2	0.1	0.2	0.1	0.1	-1.00	-1.00	
0.3	0.1	0.1	0.1	0.2	0.1	0.2	0.1	0.1	-1.00	-1.00	
0.5	0.1	0.1	0.1	0.2	0.1	0.2	0.1	0.1	-1.00	-1.00	
0.8	1.0	1.0	0.8	0.7	1.0	0.9	0.7	0.1	-1.00	-1.00	
0.5	0.1	0.1	0.1	0.2	0.1	0.2	0.2	0.1	-1.00	-1.00	
0.1	0.1	0.1	0.1	0.2	0.5	0.1	0.1	0.1	-1.00	-1.00	
0.6	0.6	0.6	0.5	0.4	1.0	0.7	0.6	0.2	-1.00	-1.00	
0.7	0.6	0.4	0.8	1.0	1.0	0.9	0.5	0.3	-1.00	-1.00	
0.1	0.2	0.2	0.1	0.2	0.1	0.1	0.1	0.1	-1.00	-1.00	
0.3	1.0	0.8	0.7	0.6	0.9	0.9	0.3	0.8	-1.00	-1.00	
0.5	0.1	0.1	0.6	0.3	0.1	0.1	0.1	0.1	-1.00	-1.00	
0.4	0.1	0.1	0.1	0.2	0.1	0.3	0.1	0.1	-1.00	-1.00	
0.1	0.1	0.1	0.1	0.2	0.1	0.3	0.1	0.1	-1.00	-1.00	
0.5	0.1	0.3	0.1	0.2	0.1	0.1	0.1	0.1	-1.00	-1.00	
0.8	0.7	0.8	0.5	0.5	1.0	0.9	1.0	0.1	-1.00	-1.00	
0.5	0.3	0.4	0.1	0.8	1.0	0.4	0.9	0.1	-1.00	-1.00	
0.7	0.9	0.4	1.0	1.0	0.3	0.5	0.3	0.3	-1.00	-1.00	
0.4	0.1	0.2	0.1	0.2	0.1	0.1	0.1	0.1	-1.00	-1.00	
0.4	0.7	0.8	0.3	0.4	1.0	0.9	0.1	0.1	-1.00	-1.00	
0.1	0.1	0.1	0.1	0.2	0.1	0.1	0.1	0.1	-1.00	-1.00	
0.5	0.1	0.2	1.0	0.4	0.5	0.2	0.1	0.1	-1.00	-1.00	
1.0	0.8	1.0	0.1	0.3	1.0	0.5	0.1	0.1	-1.00	-1.00	
0.4	0.8	0.6	0.3	0.4	1.0	0.7	0.1	0.1	-1.00	-1.00	
0.8	0.5	0.5	0.5	0.2	1.0	0.4	0.3	0.1	-1.00	-1.00	
1.0	1.0	1.0	1.0	0.3	1.0	1.0	0.6	0.1	-1.00	1.00	
0.4	0.5	0.5	1.0	0.4	1.0	0.7	0.5	0.8	-1.00	-1.00	
0.1	0.1	0.1	0.1	0.2	0.1	0.2	0.1	0.1	-1.00	-1.00	
0.6	0.1	0.1	0.1	0.2	0.1	0.3	0.1	0.1	-1.00	-1.00	
0.7	0.6	1.0	0.5	0.3	1.0	0.9	1.0	0.2	-1.00	-1.00	
0.6	0.8	0.8	0.1	0.3	0.4	0.3	0.7	0.1	-1.00	-1.00	
0.2	0.1	0.1	0.1	0.2	0.1	0.3	0.1	0.1	-1.00	-1.00	
0.5	0.1	0.1	0.3	0.4	0.1	0.3	0.2	0.1	-1.00	-1.00	
0.4	0.1	0.1	0.3	0.2	0.1	0.3	0.1	0.1	-1.00	-1.00	
0.1	0.1	0.1	0.1	0.2	0.1	0.1	0.1	0.1	-1.00	-1.00	
1.0	0.3	0.4	0.5	0.3	1.0	0.4	0.1	0.1	-1.00	-1.00	
0.3	0.1	0.1	0.1	0.2	0.1	0.2	0.1	0.1	-1.00	-1.00	
0.5	0.1	0.1	0.1	0.2	0.1	0.1	0.1	0.1	-1.00	-1.00	
0.2	0.1	0.3	0.2	0.2	0.1	0.2	0.1	0.1	-1.00	-1.00	
1.0	0.5	0.5	0.3	0.6	0.7	0.7	1.0	0.1	-1.00	-1.00	
0.8	0.7	0.6	0.4	0.4	1.0	0.5	0.1	0.1	-1.00	-1.00	
0.8	0.4	0.5	0.1	0.2	0.35	0.7	0.3	0.1	-1.00	-1.00	
0.1	0.1	0.3	0.1	0.2	0.1	0.2	0.1	0.1	-1.00	-1.00	
0.1	0.1	0.1	0.1	0.2	0.1	0.3	0.1	0.1	-1.00	-1.00	
0.5	0.3	0.2	0.1	0.3	0.1	0.1	0.1	0.1	-1.00	-1.00	
0.6	0.9	0.7	0.5	0.5	0.8	0.4	0.2	0.1	-1.00	-1.00	
0.5	1.0	1.0	0.8	0.5	0.5	0.7	1.0	0.1	-1.00	-1.00	
0.8	1.0	1.0	0.8	0.5	1.0	0.7	0.8	0.1	-1.00	1.00	
0.5	1.0	1.0	1.0	0.6	1.0	0.6	0.5	0.2	-1.00	-1.00	
1.0	0.5	0.7	0.4	0.4	1.0	0.8	0.9	0.1	-1.00	-1.00	
1.0	0.4	0.4	0.6	0.2	1.0	0.2	0.3	0.1	-1.00	-1.00	
0.4	0.1	0.1	0.2	0.2	0.1	0.2	0.1	0.1	-1.00	-1.00	
0.5	0.1	0.1	0.3	0.2	0.1	0.1	0.1	0.1	-1.00	-1.00	
0.3	0.1	0.1	0.1	0.2	0.35	0.3	0.1	0.1	-1.00	-1.00	
1.0	0.3	0.5	0.4	0.3	0.7	0.3	0.5	0.3	-1.00	-1.00	
0.1	0.1	0.1	0.3	0.2	0.3	0.1	0.1	0.1	-1.00	-1.00	
0.1	0.1	0.1	0.1	0.2	0.1	0.2	0.1	0.1	-1.00	-1.00	
0.1	0.1	0.1	0.2	0.2	0.1	0.3	0.1	0.1	-1.00	-1.00	
0.4	0.1	0.1	0.2	0.2	0.1	0.1	0.1	0.1	-1.00	-1.00	
0.6	0.1	0.1	0.1	0.2	0.1	0.2	0.1	0.1	-1.00	-1.00	
0.1	0.1	0.1	0.1	0.2	0.1	0.2	0.1	0.1	-1.00	-1.00	
0.1	0.1	0.1	0.1	0.2	0.1	0.1	0.1	0.1	-1.00	-1.00	
0.9	1.0	1.0	0.1	1.0	0.8	0.3	0.3	0.1	-1.00	-1.00	
0.5	0.1	0.1	0.1	0.2	0.1	0.3	0.1	0.1	-1.00	-1.00	
0.1	0.2	0.2	0.1	0.2	0.1	0.2	0.1	0.1	-1.00	-1.00	
0.2	0.1	0.1	0.1	0.2	0.1	0.1	0.1	0.1	-1.00	-1.00	
0.3	0.5	0.7	0.8	0.8	0.9	0.7	1.0	0.7	-1.00	-1.00	
1.0	1.0	1.0	1.0	0.5	1.0	1.0	1.0	0.7	-1.00	1.00	
0.5	0.3	0.3	0.2	0.3	0.1	0.3	0.1	0.1	-1.00	-1.00	
0.5	0.2	0.2	0.2	0.2	0.1	0.1	0.1	0.2	-1.00	-1.00	
0.8	0.8	0.9	0.4	0.5	1.0	0.7	0.8	0.1	-1.00	-1.00	
0.6	0.5	0.5	0.8	0.4	1.0	0.3	0.4	0.1	-1.00	-1.00	
0.3	0.6	0.6	0.6	0.5	1.0	0.6	0.8	0.3	-1.00	-1.00	
0.6	0.6	0.6	0.9	0.6	0.35	0.7	0.8	0.1	-1.00	-1.00	
1.0	0.6	0.5	0.8	0.5	1.0	0.8	0.6	0.1	-1.00	-1.00	
0.4	0.1	0.1	0.1	0.2	0.1	0.2	0.1	0.1	-1.00	-1.00	
0.5	0.3	0.2	0.8	0.5	1.0	0.8	0.1	0.2	-1.00	-1.00	
0.1	0.1	0.1	0.1	0.1	0.35	0.2	0.1	0.1	-1.00	-1.00	
0.2	0.1	0.1	0.1	0.2	0.5	0.1	0.1	0.1	-1.00	-1.00	
0.5	0.3	0.1	0.1	0.2	0.1	0.1	0.1	0.1	-1.00	-1.00	
0.1	0.6	0.8	1.0	0.8	1.0	0.5	0.7	0.1	-1.00	-1.00	
0.3	0.1	0.1	0.1	0.2	0.1	0.1	0.1	0.1	-1.00	-1.00	
0.8	1.0	0.5	0.3	0.8	0.4	0.4	1.0	0.3	-1.00	-1.00	
1.0	0.8	0.4	0.4	0.4	1.0	0.3	1.0	0.4	-1.00	-1.00	
0.1	0.1	0.1	0.1	0.2	0.4	0.1	0.1	0.1	-1.00	-1.00	
0.4	0.1	0.1	0.1	0.2	0.1	0.1	0.1	0.1	-1.00	-1.00	
0.2	0.1	0.1	0.1	0.3	0.1	0.2	0.1	0.1	-1.00	-1.00	
1.0	0.8	1.0	1.0	0.6	0.1	0.3	0.1	1.0	-1.00	-1.00	
0.3	0.2	0.1	0.2	0.2	0.1	0.3	0.1	0.1	-1.00	-1.00	
0.1	0.1	0.1	0.1	0.2	0.1	0.3	0.1	0.1	-1.00	-1.00	
0.8	0.6	0.7	0.3	0.3	1.0	0.3	0.4	0.2	-1.00	-1.00	
0.5	1.0	1.0	0.3	0.8	0.1	0.5	1.0	0.3	-1.00	-1.00	
0.4	0.8	0.8	0.5	0.4	0.5	1.0	0.4	0.1	-1.00	-1.00	
0.3	0.1	0.1	0.1	0.2	0.2	0.7	0.1	0.1	-1.00	-1.00	
0.4	0.1	0.1	0.1	0.2	0.3	0.2	0.1	0.1	-1.00	-1.00	
0.1	0.1	0.1	0.1	0.1	0.1	0.3	0.1	0.1	-1.00	-1.00	
1.0	1.0	1.0	0.7	1.0	1.0	0.8	0.2	0.1	-1.00	-1.00	
0.3	0.1	0.1	0.3	0.2	0.1	0.2	0.1	0.1	-1.00	-1.00	
0.3	0.1	0.1	0.1	0.1	0.1	0.2	0.1	0.1	-1.00	-1.00	
0.8	1.0	1.0	1.0	0.7	0.5	0.4	0.8	0.7	-1.00	-1.00	
1.0	0.4	0.4	1.0	0.6	1.0	0.5	0.5	0.1	-1.00	-1.00	
0.3	0.1	0.1	0.1	0.2	0.1	0.2	0.1	0.1	-1.00	-1.00	
1.0	0.5	1.0	0.3	0.5	0.8	0.7	0.8	0.3	-1.00	-1.00	
0.8	0.7	0.8	0.2	0.4	0.2	0.5	1.0	0.1	-1.00	-1.00	
0.5	0.3	0.4	0.3	0.4	0.5	0.4	0.7	0.1	-1.00	-1.00	
0.1	0.1	0.1	0.1	0.2	0.1	0.2	0.1	0.1	-1.00	-1.00	
0.3	0.2	0.1	0.1	0.1	0.1	0.2	0.1	0.1	-1.00	-1.00	
0.1	0.2	0.3	0.1	0.2	0.1	0.3	0.1	0.1	-1.00	-1.00	
0.3	0.2	0.2	0.2	0.2	0.1	0.4	0.2	0.1	-1.00	-1.00	
0.4	0.1	0.1	0.1	0.2	0.2	0.3	0.2	0.1	-1.00	-1.00	
0.5	0.1	0.2	0.1	0.2	0.1	0.2	0.1	0.1	-1.00	-1.00	
0.1	0.1	0.3	0.1	0.2	0.1	0.2	0.1	0.1	-1.00	-1.00	
0.3	0.2	0.2	0.1	0.4	0.3	0.2	0.1	0.1	-1.00	-1.00	
0.5	0.1	0.1	0.1	0.2	0.1	0.1	0.1	0.1	-1.00	-1.00	
0.8	0.5	0.6	0.2	0.3	1.0	0.6	0.6	0.1	-1.00	-1.00	
0.1	0.1	0.1	0.1	0.1	0.1	0.2	0.1	0.1	-1.00	-1.00	
0.4	0.1	0.2	0.1	0.2	0.1	0.3	0.1	0.1	-1.00	-1.00	
0.6	1.0	0.2	0.8	1.0	0.2	0.7	0.8	1.0	-1.00	-1.00	
0.8	0.4	0.4	0.5	0.4	0.7	0.7	0.8	0.2	-1.00	-1.00	
0.5	0.2	0.2	0.2	0.2	0.2	0.3	0.2	0.2	-1.00	-1.00	
0.7	0.3	0.4	0.4	0.3	0.3	0.3	0.2	0.7	-1.00	-1.00	
0.5	0.1	0.1	0.1	0.2	0.1	0.3	0.1	0.1	-1.00	-1.00	
0.5	0.4	0.4	0.5	0.7	1.0	0.3	0.2	0.1	-1.00	-1.00	
0.8	1.0	1.0	1.0	0.6	1.0	1.0	1.0	0.1	-1.00	1.00	
0.7	0.5	0.6	1.0	0.5	1.0	0.7	0.9	0.4	-1.00	-1.00	
0.1	0.1	0.1	0.1	0.2	0.1	0.1	0.1	0.1	-1.00	-1.00	
0.8	0.4	0.4	0.1	0.2	0.9	0.3	0.3	0.1	-1.00	-1.00	
0.5	0.1	0.3	0.3	0.2	0.2	0.2	0.3	0.1	-1.00	-1.00	
0.5	0.1	0.2	0.1	0.2	0.1	0.3	0.1	0.1	-1.00	-1.00	
0.4	0.4	0.4	0.4	0.6	0.5	0.7	0.3	0.1	-1.00	-1.00	
0.1	0.2	0.2	0.1	0.2	0.1	0.1	0.1	0.1	-1.00	-1.00	
0.5	0.1	0.1	0.2	0.1	0.1	0.2	0.1	0.1	-1.00	-1.00	
0.3	0.1	0.2	0.2	0.2	0.1	0.1	0.1	0.1	-1.00	-1.00	
0.1	0.1	0.1	0.1	0.1	0.1	0.1	0.1	0.1	-1.00	-1.00	
0.1	0.5	0.8	0.6	0.5	0.8	0.7	1.0	0.1	-1.00	-1.00	
0.6	1.0	1.0	1.0	1.0	1.0	0.8	1.0	1.0	-1.00	-1.00	
0.4	0.1	0.1	0.1	0.2	0.1	0.1	0.1	0.1	-1.00	-1.00	
0.1	0.1	0.1	0.1	0.2	0.1	0.1	0.1	0.1	-1.00	-1.00	
0.3	0.1	0.1	0.1	0.2	0.5	0.5	0.1	0.1	-1.00	-1.00	
0.5	0.3	0.3	0.4	0.2	0.4	0.3	0.4	0.1	-1.00	-1.00	
0.3	0.1	0.1	0.1	0.2	0.1	0.2	0.1	0.1	-1.00	-1.00	
0.3	0.1	0.1	0.1	0.2	0.4	0.1	0.1	0.1	-1.00	-1.00	
0.2	0.1	0.1	0.1	0.2	0.1	0.3	0.1	0.1	-1.00	-1.00	
0.5	0.1	0.1	0.4	0.2	0.1	0.3	0.1	0.1	-1.00	-1.00	
0.8	1.0	0.8	0.8	0.4	0.8	0.7	0.7	0.1	-1.00	-1.00	
0.2	0.1	0.1	0.1	0.2	0.1	0.3	0.1	0.1	-1.00	-1.00	
0.3	0.2	0.2	0.3	0.2	0.1	0.1	0.1	0.1	-1.00	-1.00	
0.6	0.5	0.4	0.4	0.3	0.9	0.7	0.8	0.3	-1.00	-1.00	
0.1	0.2	0.1	0.3	0.2	0.1	0.1	0.2	0.1	-1.00	-1.00	
0.4	0.1	0.1	0.1	0.2	0.1	0.1	0.1	0.1	-1.00	-1.00	
0.3	0.1	0.3	0.1	0.2	0.35	0.2	0.1	0.1	-1.00	-1.00	
0.5	0.4	0.5	0.1	0.8	0.1	0.3	0.6	0.1	-1.00	-1.00	
0.5	0.1	0.1	0.2	0.2	0.1	0.2	0.1	0.1	-1.00	-1.00	
0.4	0.2	0.2	0.1	0.2	0.1	0.2	0.1	0.1	-1.00	-1.00	
1.0	0.8	0.8	0.2	0.8	1.0	0.4	0.8	1.0	-1.00	-1.00	
0.4	0.8	0.7	1.0	0.4	1.0	0.7	0.5	0.1	-1.00	-1.00	
0.3	0.1	0.1	0.1	0.2	0.1	0.2	0.2	0.1	-1.00	-1.00	
0.1	0.1	0.1	0.1	0.2	0.5	0.1	0.1	0.1	-1.00	-1.00	
0.5	0.8	0.7	0.7	1.0	1.0	0.5	0.7	0.1	-1.00	-1.00	
0.8	0.3	0.4	0.9	0.3	1.0	0.3	0.3	0.1	-1.00	-1.00	
0.1	0.1	0.1	0.1	0.2	0.1	0.3	0.1	0.1	-1.00	-1.00	
0.5	0.2	0.2	0.2	0.1	0.1	0.2	0.1	0.1	-1.00	-1.00	
0.2	0.1	0.1	0.1	0.2	0.1	0.2	0.1	0.1	-1.00	-1.00	
0.5	0.1	0.1	0.2	0.2	0.2	0.3	0.1	0.1	-1.00	-1.00	
0.3	0.1	0.2	0.1	0.2	0.1	0.2	0.1	0.1	-1.00	-1.00	
0.1	0.1	0.1	0.3	0.2	0.1	0.1	0.1	0.1	-1.00	-1.00	
0.1	0.1	0.1	0.1	0.2	0.1	0.3	0.1	0.1	-1.00	-1.00	
0.2	0.1	0.1	0.1	0.2	0.1	0.2	0.1	0.1	-1.00	-1.00	
0.4	0.1	0.1	0.3	0.2	0.1	0.3	0.1	0.1	-1.00	-1.00	
0.1	0.1	0.1	0.1	0.2	0.1	0.1	0.1	0.1	-1.00	-1.00	
0.8	0.4	0.7	0.1	0.3	1.0	0.3	0.9	0.2	-1.00	-1.00	
0.1	0.1	0.1	0.1	0.1	0.1	0.2	0.1	0.1	-1.00	-1.00	
0.1	0.1	0.1	0.1	0.2	1.0	0.3	0.1	0.1	-1.00	-1.00	
0.4	0.1	0.2	0.1	0.2	0.1	0.2	0.1	0.1	-1.00	-1.00	
0.7	0.2	0.4	0.1	0.3	0.4	0.3	0.3	0.1	-1.00	-1.00	
0.2	0.3	0.2	0.2	0.2	0.2	0.3	0.1	0.1	-1.00	-1.00	
0.2	0.1	0.1	0.1	0.2	0.1	0.1	0.1	0.1	-1.00	-1.00	
0.4	0.1	0.3	0.1	0.2	0.1	0.2	0.1	0.1	-1.00	-1.00	
0.3	0.2	0.1	0.1	0.2	0.2	0.3	0.1	0.1	-1.00	-1.00	
0.4	0.1	0.1	0.1	0.2	0.1	0.2	0.1	0.1	-1.00	-1.00	
0.8	0.3	0.3	0.1	0.2	0.2	0.3	0.2	0.1	-1.00	-1.00	
0.3	0.1	0.1	0.1	0.1	0.1	0.1	0.1	0.1	-1.00	-1.00	
0.3	0.1	0.1	0.1	0.2	0.5	0.1	0.1	0.1	-1.00	-1.00	
0.4	0.1	0.1	0.3	0.1	0.1	0.2	0.1	0.1	-1.00	-1.00	
1.0	1.0	1.0	1.0	0.6	1.0	0.8	0.1	0.5	-1.00	-1.00	
0.3	0.4	0.4	1.0	0.5	0.1	0.3	0.3	0.1	-1.00	-1.00	
1.0	1.0	0.7	0.8	0.7	0.1	1.0	1.0	0.3	-1.00	-1.00	
0.1	0.1	0.1	0.1	0.1	0.1	0.3	0.1	0.1	-1.00	-1.00	
0.5	0.2	0.4	0.1	0.1	0.1	0.1	0.1	0.1	-1.00	-1.00	
0.1	0.1	0.1	0.1	0.1	0.1	0.3	0.1	0.1	-1.00	-1.00	
0.1	0.1	0.1	0.1	0.2	0.1	0.2	0.1	0.2	-1.00	-1.00	
0.3	0.1	0.1	0.1	0.2	0.1	0.2	0.1	0.1	-1.00	-1.00	
1.0	0.4	0.3	1.0	0.3	1.0	0.7	0.1	0.2	-1.00	-1.00	
0.5	0.1	0.1	0.3	0.2	0.1	0.1	0.1	0.1	-1.00	-1.00	
0.3	0.1	0.1	0.1	0.2	0.1	0.3	0.1	0.1	-1.00	-1.00	
1.0	0.6	0.3	0.6	0.4	1.0	0.7	0.8	0.4	-1.00	-1.00	
0.1	0.1	0.1	0.1	0.2	0.1	0.1	0.1	0.1	-1.00	-1.00	
0.1	0.1	0.1	0.1	0.2	0.1	0.2	0.1	0.1	-1.00	-1.00	
0.5	0.7	1.0	0.6	0.5	1.0	0.7	0.5	0.1	-1.00	-1.00	
1.0	0.5	0.5	0.6	0.3	1.0	0.7	0.9	0.2	-1.00	-1.00	
0.6	0.1	0.1	0.3	0.2	0.1	0.1	0.1	0.1	-1.00	-1.00	
0.7	0.8	0.7	0.6	0.4	0.3	0.8	0.8	0.4	-1.00	-1.00	
1.0	0.6	0.4	0.1	0.3	0.4	0.3	0.2	0.3	-1.00	-1.00	
0.4	0.2	0.4	0.3	0.2	0.2	0.2	0.1	0.1	-1.00	-1.00	
0.5	0.2	0.1	0.1	0.2	0.1	0.3	0.1	0.1	-1.00	-1.00	
0.1	0.1	0.1	0.1	0.2	0.1	0.2	0.1	0.1	-1.00	-1.00	
0.4	0.1	0.1	0.1	0.1	0.1	0.2	0.1	0.1	-1.00	-1.00	
0.3	0.1	0.1	0.2	0.2	0.1	0.1	0.1	0.1	-1.00	-1.00	
0.1	0.1	0.1	0.1	0.2	0.1	0.2	0.3	0.1	-1.00	-1.00	
0.4	0.1	0.1	0.1	0.2	0.1	0.2	0.1	0.1	-1.00	-1.00	
0.3	0.1	0.1	0.1	0.2	0.1	0.3	0.1	0.1	-1.00	-1.00	
0.1	0.1	0.1	0.1	0.2	0.1	0.2	0.1	0.1	-1.00	-1.00	
0.1	0.1	0.1	0.1	0.2	0.2	0.1	0.1	0.1	-1.00	-1.00	
0.2	0.1	0.1	0.1	0.2	0.1	0.1	0.1	0.1	-1.00	-1.00	
0.5	1.0	0.6	0.1	1.0	0.4	0.4	1.0	1.0	-1.00	-1.00	
0.3	0.1	0.1	0.1	0.2	0.1	0.3	0.1	0.1	-1.00	-1.00	
1.0	0.8	0.8	0.4	1.0	1.0	0.8	0.1	0.1	-1.00	-1.00	
0.7	0.5	1.0	1.0	1.0	1.0	0.4	1.0	0.3	-1.00	-1.00	
0.1	0.1	0.1	0.2	0.2	0.1	0.2	0.1	0.1	-1.00	-1.00	
0.6	0.1	0.1	0.1	0.2	0.1	0.3	0.1	0.1	-1.00	-1.00	
0.3	0.3	0.5	0.2	0.3	1.0	0.7	0.1	0.1	-1.00	-1.00	
0.3	0.3	0.5	0.2	0.3	1.0	0.7	0.1	0.1	-1.00	-1.00	
0.1	0.1	0.1	0.1	0.2	0.1	0.1	0.1	0.1	-1.00	-1.00	
0.8	0.3	0.8	0.3	0.4	0.9	0.8	0.9	0.8	-1.00	-1.00	
0.1	0.1	0.1	0.1	0.2	0.1	0.2	0.1	0.1	-1.00	-1.00	
0.1	0.1	0.1	0.1	0.1	0.35	0.1	0.1	0.1	-1.00	-1.00	
0.5	0.6	0.6	0.2	0.4	1.0	0.3	0.6	0.1	-1.00	-1.00	
0.3	0.1	0.1	0.1	0.2	0.1	0.2	0.1	0.1	-1.00	-1.00	
0.7	0.2	0.4	0.1	0.6	1.0	0.5	0.4	0.3	-1.00	-1.00	
0.1	0.1	0.1	0.1	0.1	0.1	0.3	0.1	0.1	-1.00	-1.00	
0.6	0.3	0.2	0.1	0.3	0.4	0.4	0.1	0.1	-1.00	-1.00	
0.4	1.0	0.8	0.5	0.4	0.1	1.0	0.1	0.1	-1.00	-1.00	
0.3	0.1	0.2	0.1	0.2	0.1	0.2	0.1	0.1	-1.00	-1.00	
0.5	0.1	0.1	0.1	0.2	0.1	0.2	0.1	0.1	-1.00	-1.00	
0.3	0.1	0.1	0.1	0.2	0.3	0.3	0.1	0.1	-1.00	-1.00	
0.3	0.1	0.1	0.1	0.1	0.1	0.2	0.1	0.1	-1.00	-1.00	
1.0	0.1	0.1	0.1	0.2	1.0	0.5	0.4	0.1	-1.00	-1.00	
0.4	0.1	0.1	0.1	0.3	0.1	0.1	0.1	0.1	-1.00	-1.00	
1.0	1.0	1.0	0.4	0.8	0.1	0.8	1.0	0.1	-1.00	-1.00	
1.0	1.0	1.0	0.1	0.6	0.1	0.2	0.8	0.1	-1.00	-1.00	
0.2	0.1	0.1	0.1	0.2	0.1	0.1	0.1	0.1	-1.00	-1.00	
0.1	0.1	0.1	0.1	0.2	0.1	0.3	0.1	0.1	-1.00	-1.00	
0.9	0.4	0.5	1.0	0.6	1.0	0.4	0.8	0.1	-1.00	-1.00	
0.4	0.1	0.1	0.1	0.2	0.3	0.1	0.1	0.1	-1.00	-1.00	
0.8	1.0	0.4	0.4	0.8	1.0	0.8	0.2	0.1	-1.00	-1.00	
0.4	0.1	0.1	0.3	0.2	0.1	0.1	0.1	0.1	-1.00	-1.00	
0.5	0.8	0.4	1.0	0.5	0.8	0.9	1.0	0.1	-1.00	-1.00	
0.8	0.8	0.9	0.6	0.6	0.3	1.0	1.0	0.1	-1.00	-1.00	
0.1	0.1	0.1	0.1	0.2	0.1	0.1	0.1	0.1	-1.00	-1.00	
0.7	0.6	0.6	0.3	0.2	1.0	0.7	0.1	0.1	-1.00	-1.00	
1.0	1.0	1.0	0.8	0.2	1.0	0.4	0.1	0.1	-1.00	-1.00	
0.7	0.4	0.7	0.4	0.3	0.7	0.7	0.6	0.1	-1.00	-1.00	
1.0	0.5	0.5	0.6	0.8	0.8	0.7	0.1	0.1	-1.00	-1.00	
0.5	1.0	1.0	1.0	0.4	1.0	0.5	0.6	0.3	-1.00	-1.00	
1.0	1.0	1.0	1.0	1.0	0.1	0.8	0.8	0.8	-1.00	-1.00	
0.1	0.1	0.1	0.1	0.2	0.1	0.1	0.1	0.1	-1.00	-1.00	
0.1	0.1	0.1	0.1	0.1	0.1	0.2	0.1	0.1	-1.00	-1.00	
0.1	0.1	0.1	0.1	0.3	0.1	0.1	0.1	0.1	-1.00	-1.00	
0.8	0.6	0.5	0.4	0.3	1.0	0.6	0.1	0.1	-1.00	-1.00	
1.0	0.4	0.3	0.2	0.3	1.0	0.5	0.3	0.2	-1.00	-1.00	
0.5	0.7	0.9	0.8	0.6	1.0	0.8	1.0	0.1	-1.00	-1.00	
0.5	0.1	0.1	0.1	0.2	0.35	0.3	0.1	0.1	-1.00	-1.00	
0.8	0.6	0.4	1.0	1.0	0.1	0.3	0.5	0.1	-1.00	-1.00	
0.4	0.1	0.1	0.1	0.2	0.1	0.3	0.1	0.1	-1.00	-1.00	
0.5	0.1	0.1	0.6	0.3	0.1	0.2	0.1	0.1	-1.00	-1.00	
0.3	0.1	0.1	0.1	0.2	0.1	0.1	0.1	0.1	-1.00	-1.00	
1.0	1.0	1.0	1.0	1.0	1.0	0.4	1.0	1.0	-1.00	1.00	
0.5	0.1	0.1	0.1	0.2	0.1	0.2	0.1	0.1	-1.00	-1.00	
0.1	0.1	0.1	0.1	0.2	0.35	0.2	0.1	0.1	-1.00	-1.00	
0.3	0.1	0.1	0.1	0.2	0.35	0.3	0.1	0.1	-1.00	-1.00	
0.3	0.2	0.2	0.2	0.2	0.1	0.3	0.2	0.1	-1.00	-1.00	
0.3	0.1	0.2	0.1	0.2	0.1	0.2	0.1	0.1	-1.00	-1.00	
0.5	0.1	0.1	0.1	0.2	0.2	0.2	0.1	0.1	-1.00	-1.00	
0.1	0.1	0.1	0.1	0.1	0.1	0.1	0.3	0.1	-1.00	-1.00	
0.5	0.2	0.3	0.4	0.2	0.7	0.3	0.6	0.1	-1.00	-1.00	
0.2	0.1	0.1	0.1	0.2	0.1	0.1	0.1	0.1	-1.00	-1.00	
0.1	0.1	0.1	0.1	0.2	0.1	0.1	0.1	0.1	-1.00	-1.00	
0.2	0.1	0.1	0.1	0.2	0.1	0.2	0.1	0.1	-1.00	-1.00	
1.0	0.5	0.8	1.0	0.3	1.0	0.5	0.1	0.3	-1.00	-1.00	
0.5	0.3	0.1	0.2	0.2	0.1	0.2	0.1	0.1	-1.00	-1.00	
0.5	1.0	0.8	1.0	0.8	1.0	0.3	0.6	0.3	-1.00	-1.00	
0.1	0.1	0.1	0.1	0.2	0.1	0.3	0.1	0.1	-1.00	-1.00	
0.1	0.1	0.1	0.1	0.2	0.1	0.1	0.1	0.8	-1.00	-1.00	
0.3	0.1	0.3	0.1	0.3	0.4	0.1	0.1	0.1	-1.00	-1.00	
0.4	0.3	0.2	0.1	0.3	0.1	0.2	0.1	0.1	-1.00	-1.00	
0.1	0.1	0.1	0.1	0.4	0.3	0.1	0.1	0.1	-1.00	-1.00	
0.1	0.1	0.1	0.2	0.1	0.1	0.1	0.1	0.1	-1.00	-1.00	
0.1	0.1	0.1	0.1	0.2	0.1	0.2	0.1	0.1	-1.00	-1.00	
0.6	1.0	1.0	1.0	0.8	1.0	0.7	1.0	0.7	-1.00	-1.00	
0.9	0.1	0.2	0.6	0.4	1.0	0.7	0.7	0.2	-1.00	-1.00	
0.1	0.1	0.1	0.1	0.2	0.1	0.2	0.1	0.1	-1.00	-1.00	
0.4	0.1	0.1	0.1	0.2	0.1	0.1	0.1	0.1	-1.00	-1.00	
0.1	0.1	0.1	0.1	0.2	0.1	0.3	0.1	0.1	-1.00	-1.00	
0.5	0.1	0.1	0.1	0.2	0.1	0.2	0.1	0.1	-1.00	-1.00	
0.3	0.1	0.1	0.1	0.2	0.1	0.2	0.1	0.1	-1.00	-1.00	
0.1	0.1	0.1	0.1	0.2	0.1	0.3	0.1	0.1	-1.00	-1.00	
0.3	0.1	0.1	0.1	0.2	0.1	0.2	0.1	0.1	-1.00	-1.00	
0.4	0.2	0.3	0.5	0.3	0.8	0.7	0.6	0.1	-1.00	-1.00	
0.6	0.1	0.3	0.2	0.2	0.1	0.1	0.1	0.1	-1.00	-1.00	
0.5	0.6	0.7	0.8	0.8	1.0	0.3	1.0	0.3	-1.00	-1.00	
0.2	0.1	0.1	0.1	0.2	0.1	0.1	0.1	0.1	-1.00	-1.00	
0.4	0.1	0.1	0.1	0.1	0.1	0.2	0.1	0.1	-1.00	-1.00	
0.5	1.0	1.0	1.0	1.0	0.2	1.0	1.0	1.0	-1.00	-1.00	
0.5	0.2	0.2	0.2	0.2	0.1	0.2	0.2	0.1	-1.00	-1.00	
0.1	0.1	0.1	0.1	0.2	0.1	0.3	0.1	0.1	-1.00	-1.00	
1.0	0.4	0.2	0.1	0.3	0.2	0.4	0.3	1.0	-1.00	-1.00	
1.0	1.0	1.0	0.8	0.6	0.8	0.7	1.0	0.1	-1.00	1.00	
1.0	0.6	0.6	0.2	0.4	1.0	0.9	0.7	0.1	-1.00	-1.00	
0.8	0.2	0.4	0.1	0.5	0.1	0.5	0.4	0.4	-1.00	-1.00	
0.5	0.3	0.3	0.3	0.6	1.0	0.3	0.1	0.1	-1.00	-1.00	
0.3	0.1	0.1	0.1	0.2	0.1	0.2	0.1	0.1	-1.00	-1.00	
0.6	1.0	1.0	0.2	0.8	1.0	0.7	0.3	0.3	-1.00	-1.00	
0.5	0.3	0.6	0.1	0.2	0.1	0.1	0.1	0.1	-1.00	-1.00	
0.6	1.0	1.0	1.0	0.8	1.0	1.0	1.0	0.7	-1.00	-1.00	
0.6	0.8	0.7	0.8	0.6	0.8	0.8	0.9	0.1	-1.00	-1.00	
0.1	0.1	0.1	0.3	0.1	0.3	0.1	0.1	0.1	-1.00	-1.00	
0.6	0.1	0.3	0.1	0.2	0.1	0.3	0.1	0.1	-1.00	-1.00	
0.5	0.3	0.3	0.3	0.2	0.3	0.4	0.4	0.1	-1.00	-1.00	
0.3	0.1	0.1	0.1	0.2	0.1	0.1	0.1	0.1	-1.00	-1.00	
0.8	0.4	1.0	0.5	0.4	0.4	0.7	1.0	0.1	-1.00	-1.00	
0.1	0.1	0.2	0.2	0.2	0.1	0.3	0.1	0.1	-1.00	-1.00	
0.5	0.1	0.1	0.1	0.2	0.1	0.3	0.1	0.1	-1.00	-1.00	
0.2	0.1	0.1	0.1	0.2	0.1	0.2	0.1	0.1	-1.00	-1.00	
0.5	0.4	0.6	1.0	0.2	1.0	0.4	0.1	0.1	-1.00	-1.00	
0.3	0.1	0.4	0.1	0.2	0.35	0.3	0.1	0.1	-1.00	-1.00	
0.5	0.5	0.5	0.2	0.5	1.0	0.4	0.3	0.1	-1.00	-1.00	
0.4	0.8	0.6	0.4	0.3	0.4	1.0	0.6	0.1	-1.00	-1.00	
0.3	0.3	0.2	0.6	0.3	0.3	0.3	0.5	0.1	-1.00	-1.00	
0.4	0.1	0.1	0.1	0.2	0.1	0.3	0.6	0.1	-1.00	-1.00	
0.3	0.1	0.1	0.1	0.2	0.1	0.3	0.1	0.1	-1.00	-1.00	
0.7	0.5	0.6	1.0	0.4	1.0	0.5	0.3	0.1	-1.00	-1.00	
0.3	0.1	0.1	0.1	0.3	0.1	0.2	0.1	0.1	-1.00	-1.00	
0.2	0.1	0.1	0.1	0.2	0.1	0.3	0.1	0.1	-1.00	-1.00	
0.1	0.1	0.1	0.1	0.1	0.1	0.1	0.1	0.1	-1.00	-1.00	
0.1	0.1	0.1	0.1	0.5	0.1	0.3	0.1	0.1	-1.00	-1.00	
0.3	0.1	0.1	0.1	0.2	0.1	0.2	0.1	0.1	-1.00	-1.00	
0.2	0.1	0.1	0.1	0.2	0.1	0.1	0.1	0.5	-1.00	-1.00	
0.3	0.1	0.1	0.1	0.2	0.1	0.1	0.1	0.1	-1.00	-1.00	
0.5	0.1	0.1	0.1	0.2	0.1	0.2	0.1	0.1	-1.00	-1.00	
0.6	1.0	0.7	0.7	0.6	0.4	0.8	1.0	0.2	-1.00	-1.00	
0.2	0.1	0.1	0.1	0.2	0.1	0.2	0.1	0.1	-1.00	-1.00	
0.7	0.3	0.2	1.0	0.5	1.0	0.5	0.4	0.4	-1.00	-1.00	
0.6	0.6	0.7	1.0	0.3	1.0	0.8	1.0	0.2	-1.00	-1.00	
0.3	0.1	0.1	0.1	0.2	0.1	0.3	0.1	0.1	-1.00	-1.00	
1.0	0.7	0.7	0.3	0.8	0.5	0.7	0.4	0.3	-1.00	-1.00	
0.3	0.1	0.1	0.3	0.2	0.1	0.1	0.1	0.1	-1.00	-1.00	
1.0	0.6	0.4	0.3	1.0	1.0	0.9	1.0	0.1	-1.00	-1.00	
0.4	0.2	0.1	0.1	0.2	0.1	0.1	0.1	0.1	-1.00	-1.00	
0.6	0.8	0.7	0.5	0.6	0.8	0.8	0.9	0.2	-1.00	-1.00	
0.5	0.4	0.4	0.9	0.2	1.0	0.5	0.6	0.1	-1.00	-1.00	
0.8	0.2	0.3	0.1	0.6	0.3	0.7	0.1	0.1	-1.00	-1.00	
0.2	0.1	0.2	0.1	0.2	0.1	0.3	0.1	0.1	-1.00	-1.00	
0.1	0.1	0.1	0.1	0.1	0.35	0.2	0.1	0.1	-1.00	-1.00	
0.5	0.4	0.6	0.7	0.9	0.7	0.8	1.0	0.1	-1.00	-1.00	
0.1	0.1	0.1	0.1	0.2	0.1	0.3	0.1	0.1	-1.00	-1.00	
0.1	0.1	0.1	0.1	0.2	0.1	0.3	0.1	0.1	-1.00	-1.00	
0.8	0.4	0.6	0.3	0.3	0.1	0.4	0.3	0.1	-1.00	-1.00	
0.1	0.1	0.1	0.1	0.2	0.1	0.1	0.1	0.1	-1.00	-1.00	
1.0	0.3	0.6	0.2	0.3	0.5	0.4	1.0	0.2	-1.00	-1.00	
0.8	0.7	0.8	0.7	0.5	0.5	0.5	1.0	0.2	-1.00	-1.00	
0.8	0.9	0.9	0.5	0.3	0.5	0.7	0.7	0.1	-1.00	-1.00	
0.1	0.1	0.1	0.1	0.1	0.1	0.2	0.1	0.1	-1.00	-1.00	
0.5	0.1	0.1	0.1	0.2	0.1	0.2	0.2	0.1	-1.00	-1.00	
0.3	0.1	0.1	0.1	0.2	0.1	0.1	0.1	0.1	-1.00	-1.00	
0.3	0.1	0.4	0.1	0.2	0.1	0.1	0.1	0.1	-1.00	-1.00	
0.3	0.7	0.7	0.4	0.4	0.9	0.4	0.8	0.1	-1.00	-1.00	
0.4	0.1	0.1	0.1	0.2	0.1	0.2	0.1	0.1	-1.00	-1.00	
1.0	0.6	0.6	0.3	0.4	0.5	0.3	0.6	0.1	-1.00	-1.00	
1.0	0.4	0.3	1.0	0.4	1.0	1.0	0.1	0.1	-1.00	-1.00	
0.4	0.1	0.1	0.1	0.2	0.1	0.2	0.1	0.1	-1.00	-1.00	
0.1	0.3	0.1	0.2	0.2	0.2	0.5	0.3	0.2	-1.00	-1.00	
0.4	0.3	0.1	0.1	0.2	0.1	0.4	0.8	0.1	-1.00	-1.00	
0.5	0.3	0.3	0.1	0.3	0.3	0.3	0.3	0.3	-1.00	-1.00	
0.5	0.1	0.3	0.1	0.2	0.1	0.3	0.1	0.1	-1.00	-1.00	
0.4	0.1	0.1	0.1	0.2	0.1	0.1	0.1	0.1	-1.00	-1.00	
0.1	0.1	0.1	0.1	0.2	0.1	0.1	0.1	0.1	-1.00	-1.00	
0.1	0.1	0.1	0.1	0.2	0.1	0.2	0.1	0.1	-1.00	-1.00	
0.3	0.1	0.1	0.1	0.3	0.2	0.1	0.1	0.1	-1.00	-1.00	
0.8	1.0	1.0	0.7	1.0	1.0	0.7	0.3	0.8	-1.00	-1.00	
0.6	0.3	0.3	0.5	0.3	1.0	0.3	0.5	0.3	-1.00	-1.00	
0.7	0.8	0.8	0.7	0.3	1.0	0.7	0.2	0.3	-1.00	-1.00	
0.4	0.1	0.1	0.1	0.2	0.1	0.3	0.2	0.1	-1.00	-1.00	
1.0	0.8	0.8	0.2	0.3	0.4	0.8	0.7	0.8	-1.00	-1.00	
0.1	0.1	0.3	0.2	0.2	0.1	0.3	0.1	0.1	-1.00	-1.00	
0.5	0.7	0.4	0.1	0.6	0.1	0.7	1.0	0.3	-1.00	-1.00	
0.6	1.0	1.0	0.2	0.8	1.0	0.7	0.3	0.3	-1.00	-1.00	
0.3	0.1	0.1	0.1	0.2	0.1	0.3	0.1	0.1	-1.00	-1.00	
0.8	1.0	0.3	0.2	0.6	0.4	0.3	1.0	0.1	-1.00	-1.00	
0.5	0.1	0.1	0.1	0.2	0.1	0.3	0.1	0.1	-1.00	-1.00	
0.3	0.1	0.1	0.1	0.2	0.1	0.2	0.3	0.1	-1.00	-1.00	
0.7	0.8	0.3	0.7	0.4	0.5	0.7	0.8	0.2	-1.00	-1.00	
0.3	0.1	0.1	0.1	0.2	0.1	0.2	0.1	0.1	-1.00	-1.00	
0.1	0.2	0.3	0.1	0.2	0.1	0.2	0.1	0.1	-1.00	-1.00	
0.8	0.2	0.1	0.1	0.5	0.1	0.1	0.1	0.1	-1.00	-1.00	
0.8	0.6	0.4	0.3	0.5	0.9	0.3	0.1	0.1	-1.00	-1.00	
0.4	0.1	0.1	0.1	0.2	0.1	0.3	0.1	0.1	-1.00	-1.00	
0.7	0.5	0.6	0.3	0.3	0.8	0.7	0.4	0.1	-1.00	-1.00	
0.3	0.1	0.1	0.1	0.2	0.1	0.3	0.1	0.1	-1.00	-1.00	
0.4	0.1	0.1	0.1	0.2	0.1	0.3	0.2	0.1	-1.00	-1.00	
0.5	0.1	0.1	0.1	0.3	0.2	0.2	0.2	0.1	-1.00	-1.00	
0.5	0.1	0.3	0.1	0.2	0.1	0.2	0.1	0.1	-1.00	-1.00	
0.5	0.1	0.1	0.1	0.2	0.2	0.3	0.3	0.1	-1.00	-1.00	
0.4	0.1	0.1	0.1	0.2	0.1	0.3	0.1	0.1	-1.00	-1.00	
0.8	0.7	0.8	0.5	1.0	1.0	0.7	0.2	0.1	-1.00	-1.00	
0.5	0.1	0.1	0.1	0.2	0.1	0.2	0.1	0.1	-1.00	-1.00	
0.5	1.0	1.0	0.9	0.6	1.0	0.7	1.0	0.5	-1.00	-1.00	
0.4	0.1	0.1	0.1	0.2	0.1	0.3	0.1	0.1	-1.00	-1.00	
1.0	0.3	0.3	0.1	0.2	1.0	0.7	0.6	0.1	-1.00	-1.00	
0.1	0.1	0.1	0.1	0.2	0.1	0.2	0.1	0.1	-1.00	-1.00	
0.1	0.3	0.1	0.1	0.2	0.1	0.2	0.2	0.1	-1.00	-1.00	
0.1	0.1	0.1	0.1	0.2	0.1	0.1	0.1	0.1	-1.00	-1.00	
0.3	0.3	0.1	0.1	0.2	0.1	0.1	0.1	0.1	-1.00	-1.00	
0.6	0.1	0.1	0.1	0.2	0.1	0.3	0.1	0.1	-1.00	-1.00	
0.1	0.1	0.1	0.1	0.2	0.1	0.2	0.1	0.1	-1.00	-1.00	
0.5	0.1	0.1	0.1	0.2	0.1	0.3	0.1	0.1	-1.00	-1.00	
0.5	0.1	0.1	0.1	0.2	0.1	0.3	0.1	0.1	-1.00	-1.00	
0.5	0.2	0.1	0.1	0.2	0.1	0.1	0.1	0.1	-1.00	-1.00	
0.3	0.1	0.2	0.1	0.2	0.1	0.3	0.1	0.1	-1.00	-1.00	
0.2	0.1	0.1	0.1	0.2	0.1	0.3	0.1	0.1	-1.00	-1.00	
0.2	0.1	0.1	0.1	0.2	0.1	0.1	0.1	0.1	-1.00	-1.00	
0.4	0.2	0.2	0.1	0.2	0.1	0.2	0.1	0.1	-1.00	-1.00	
0.2	0.7	1.0	1.0	0.7	1.0	0.4	0.9	0.4	-1.00	-1.00	
0.6	1.0	0.5	0.5	0.4	1.0	0.6	1.0	0.1	-1.00	-1.00	
0.3	0.1	0.1	0.1	0.2	0.1	0.1	0.1	0.1	-1.00	-1.00	
1.0	0.3	0.3	1.0	0.2	1.0	0.7	0.3	0.3	-1.00	-1.00	
0.2	0.1	0.1	0.1	0.2	0.1	0.1	0.1	0.1	-1.00	-1.00	
0.2	0.1	0.1	0.1	0.2	0.1	0.2	0.1	0.1	-1.00	-1.00	
0.1	0.1	0.1	0.1	0.2	0.1	0.3	0.1	0.1	-1.00	-1.00	
0.1	0.1	0.1	0.1	0.2	0.1	0.2	0.1	0.1	-1.00	-1.00	
0.5	0.1	0.1	0.1	0.2	0.1	0.3	0.1	0.2	-1.00	-1.00	
1.0	0.4	0.7	0.2	0.2	0.8	0.6	0.1	0.1	-1.00	-1.00	
1.0	1.0	1.0	0.7	0.9	1.0	0.7	1.0	1.0	-1.00	-1.00	
0.9	0.6	0.9	0.2	1.0	0.6	0.2	0.9	1.0	-1.00	-1.00	
0.2	0.5	0.7	0.6	0.4	1.0	0.7	0.6	0.1	-1.00	-1.00	
0.4	0.1	0.2	0.1	0.2	0.1	0.2	0.1	0.1	-1.00	-1.00	
0.2	0.1	0.1	0.2	0.3	0.1	0.2	0.1	0.1	-1.00	-1.00	
0.3	0.1	0.1	0.1	0.2	0.1	0.2	0.1	0.1	-1.00	-1.00	
0.6	0.1	0.3	0.1	0.4	0.5	0.5	1.0	0.1	-1.00	-1.00	
0.5	0.1	0.1	0.1	0.2	0.1	0.1	0.1	0.1	-1.00	-1.00	
0.2	0.1	0.1	0.2	0.2	0.1	0.1	0.1	0.1	-1.00	-1.00	
0.1	0.4	0.3	1.0	0.4	1.0	0.5	0.6	0.1	-1.00	-1.00	
0.4	0.6	0.5	0.6	0.7	0.35	0.4	0.9	0.1	-1.00	-1.00	
0.5	0.1	0.1	0.1	0.2	0.1	0.3	0.1	0.1	-1.00	-1.00	
0.5	0.1	0.1	0.1	0.2	0.1	0.3	0.2	0.1	-1.00	-1.00	
0.5	0.1	0.1	0.1	0.2	0.1	0.2	0.1	0.1	-1.00	-1.00	
0.7	0.5	0.3	0.7	0.4	1.0	0.7	0.5	0.5	-1.00	-1.00	
0.2	0.1	0.1	0.2	0.2	0.1	0.3	0.1	0.1	-1.00	-1.00	
0.5	0.2	0.3	0.1	0.6	1.0	0.5	0.1	0.1	-1.00	-1.00	
1.0	1.0	0.9	0.3	0.7	0.5	0.3	0.5	0.1	-1.00	-1.00	
0.5	0.1	0.1	0.1	0.2	0.1	0.1	0.1	0.1	-1.00	-1.00	
0.3	0.3	0.2	0.2	0.3	0.1	0.1	0.2	0.3	-1.00	-1.00	
1.0	0.4	0.5	0.5	0.5	1.0	0.4	0.1	0.1	-1.00	-1.00	
0.1	0.1	0.1	0.1	0.2	0.1	0.3	0.1	0.1	-1.00	-1.00	
0.2	0.1	0.1	0.2	0.2	0.1	0.3	0.1	0.1	-1.00	-1.00	
0.1	0.1	0.1	0.1	0.2	0.1	0.1	0.1	0.1	-1.00	-1.00	
0.7	0.4	0.4	0.3	0.4	1.0	0.6	0.9	0.1	-1.00	-1.00	
0.3	0.1	0.1	0.1	0.2	0.1	0.3	0.1	0.1	-1.00	-1.00	
0.5	0.3	0.5	0.1	0.8	1.0	0.5	0.3	0.1	-1.00	-1.00	
0.4	0.1	0.1	0.1	0.2	0.1	0.1	0.1	0.1	-1.00	-1.00	
0.4	0.1	0.1	0.1	0.2	0.1	0.1	0.2	0.1	-1.00	-1.00	
0.3	0.1	0.1	0.1	0.2	0.1	0.3	0.2	0.1	-1.00	-1.00	
0.3	0.1	0.1	0.1	0.2	0.1	0.2	0.1	0.1	-1.00	-1.00	
0.3	0.1	0.1	0.2	0.2	0.1	0.1	0.1	0.1	-1.00	-1.00	
Y1	W1: -0.80300	W2: -0.33760	W3: -0.47854	W4: -0.55541	W5: -0.06942	W6: -0.96379	W7: 0.19220	W8: -0.42569	W9: 0.40814	W10: 1.40909	
Y2	W1: 0.80526	W2: 0.46794	W3: 0.34284	W4: 0.57088	W5: 0.07313	W6: 0.96829	W7: -0.21634	W8: 0.42313	W9: -0.44424	W10: -1.40434	
Porcentaje de aciertos: 1.607142857142857%
