X1	X2	X3	X4	X5	X6	X7	X8	X9	Y1	Y2	
0.1	0.1	0.1	0.1	0.2	0.1	0.1	0.1	0.1	1.00	-1.00	
0.1	0.1	0.1	0.1	0.2	0.3	0.3	0.1	0.1	1.00	-1.00	
0.3	0.3	0.5	0.2	0.3	1.0	0.7	0.1	0.1	-1.00	-1.00	
0.1	0.1	0.1	0.1	0.2	0.1	0.1	0.1	0.1	1.00	-1.00	
0.2	0.1	0.1	0.1	0.2	0.1	0.3	0.1	0.1	1.00	-1.00	
0.1	0.1	0.1	0.1	0.2	0.1	0.2	0.1	0.1	1.00	-1.00	
0.3	0.1	0.1	0.1	0.2	0.1	0.1	0.1	0.1	1.00	-1.00	
0.4	0.1	0.1	0.1	0.3	0.1	0.2	0.2	0.1	1.00	-1.00	
0.1	0.1	0.1	0.1	0.2	0.1	0.1	0.1	0.1	1.00	-1.00	
0.5	0.2	0.3	0.1	0.6	1.0	0.5	0.1	0.1	-1.00	-1.00	
0.3	0.1	0.2	0.1	0.2	0.1	0.2	0.1	0.1	1.00	-1.00	
1.0	0.4	0.7	0.2	0.2	0.8	0.6	0.1	0.1	-1.00	-1.00	
1.0	1.0	1.0	1.0	1.0	1.0	0.4	1.0	1.0	-1.00	1.00	
0.9	0.7	0.7	0.5	0.5	1.0	0.7	0.8	0.3	-1.00	1.00	
0.4	0.1	0.1	0.1	0.3	0.1	0.1	0.1	0.1	1.00	-1.00	
0.2	0.1	0.1	0.1	0.2	0.1	0.1	0.1	0.1	1.00	-1.00	
0.2	0.1	0.1	0.1	0.2	0.1	0.2	0.1	0.1	1.00	-1.00	
0.5	0.1	0.1	0.1	0.2	0.1	0.1	0.1	0.1	-1.00	-1.00	
0.1	0.1	0.1	0.3	0.2	0.3	0.1	0.1	0.1	1.00	-1.00	
0.7	0.4	0.7	0.4	0.3	0.7	0.7	0.6	0.1	-1.00	-1.00	
0.1	0.2	0.3	0.1	0.2	0.1	0.1	0.1	0.1	1.00	-1.00	
0.5	1.0	1.0	0.8	0.5	0.5	0.7	1.0	0.1	-1.00	-1.00	
0.1	0.1	0.1	0.2	0.1	0.3	0.1	0.1	0.7	-1.00	-1.00	
1.0	0.5	1.0	0.3	0.5	0.8	0.7	0.8	0.3	-1.00	1.00	
0.3	0.1	0.1	0.1	0.2	0.1	0.2	0.1	0.1	1.00	-1.00	
0.1	0.3	0.3	0.2	0.2	0.1	0.7	0.2	0.1	1.00	-1.00	
0.3	0.1	0.1	0.1	0.2	0.1	0.3	0.1	0.1	1.00	-1.00	
0.4	0.1	0.1	0.1	0.2	0.1	0.1	0.1	0.1	1.00	-1.00	
0.4	0.1	0.1	0.1	0.2	0.3	0.2	0.1	0.1	-1.00	-1.00	
0.6	0.3	0.3	0.5	0.3	1.0	0.3	0.5	0.3	-1.00	-1.00	
0.3	0.2	0.2	0.3	0.2	0.1	0.1	0.1	0.1	1.00	-1.00	
0.3	0.1	0.1	0.1	0.3	0.2	0.1	0.1	0.1	1.00	-1.00	
1.0	1.0	1.0	0.7	1.0	1.0	0.8	0.2	0.1	-1.00	1.00	
0.1	0.1	0.1	0.1	0.2	0.1	0.3	0.1	0.1	1.00	-1.00	
0.7	0.5	0.6	0.3	0.3	0.8	0.7	0.4	0.1	-1.00	-1.00	
0.4	0.1	0.1	0.2	0.2	0.1	0.1	0.1	0.1	1.00	-1.00	
0.3	0.1	0.4	0.1	0.2	0.35	0.3	0.1	0.1	-1.00	-1.00	
0.5	0.3	0.6	0.1	0.2	0.1	0.1	0.1	0.1	-1.00	-1.00	
0.8	1.0	1.0	1.0	0.5	1.0	0.8	1.0	0.6	-1.00	1.00	
0.8	0.7	0.8	0.2	0.4	0.2	0.5	1.0	0.1	-1.00	-1.00	
0.5	0.1	0.1	0.1	0.3	0.2	0.2	0.2	0.1	-1.00	-1.00	
0.5	0.1	0.1	0.2	0.2	0.1	0.2	0.1	0.1	-1.00	-1.00	
0.1	0.1	0.1	0.1	0.2	0.1	0.2	0.1	0.1	1.00	-1.00	
1.0	1.0	1.0	0.8	0.6	0.8	0.7	1.0	0.1	-1.00	1.00	
0.3	0.4	0.4	1.0	0.5	0.1	0.3	0.3	0.1	-1.00	-1.00	
0.1	0.1	0.1	0.1	0.1	0.1	0.2	0.1	0.1	1.00	-1.00	
0.4	0.1	0.1	0.1	0.2	0.1	0.3	0.1	0.1	1.00	-1.00	
0.1	0.2	0.3	0.1	0.2	0.1	0.3	0.1	0.1	1.00	-1.00	
0.7	0.6	0.6	0.3	0.2	1.0	0.7	0.1	0.1	-1.00	-1.00	
0.3	0.3	0.2	0.6	0.3	0.3	0.3	0.5	0.1	-1.00	-1.00	
0.5	0.1	0.1	0.6	0.3	0.1	0.1	0.1	0.1	-1.00	-1.00	
0.5	0.1	0.2	0.1	0.2	0.1	0.3	0.1	0.1	-1.00	-1.00	
0.5	0.1	0.1	0.1	0.2	0.1	0.3	0.1	0.1	-1.00	-1.00	
0.5	0.7	0.9	0.8	0.6	1.0	0.8	1.0	0.1	-1.00	1.00	
0.2	0.1	0.1	0.1	0.2	0.1	0.3	0.1	0.1	1.00	-1.00	
0.3	0.1	0.1	0.2	0.2	0.1	0.1	0.1	0.1	1.00	-1.00	
0.2	0.1	0.1	0.1	0.2	0.1	0.2	0.1	0.1	1.00	-1.00	
0.5	0.1	0.1	0.1	0.2	0.1	0.2	0.1	0.1	-1.00	-1.00	
0.1	0.1	0.1	0.1	0.2	0.1	0.3	0.1	0.1	1.00	-1.00	
0.7	0.3	0.2	1.0	0.5	1.0	0.5	0.4	0.4	-1.00	-1.00	
0.1	0.1	0.1	0.1	0.2	0.1	0.1	0.1	0.1	1.00	-1.00	
0.4	1.0	0.8	0.5	0.4	0.1	1.0	0.1	0.1	-1.00	-1.00	
0.3	0.1	0.1	0.1	0.1	0.1	0.2	0.1	0.1	1.00	-1.00	
0.8	0.2	0.3	0.1	0.6	0.3	0.7	0.1	0.1	-1.00	-1.00	
0.7	0.2	0.4	0.1	0.3	0.4	0.3	0.3	0.1	-1.00	-1.00	
0.2	0.3	0.1	0.1	0.2	0.1	0.2	0.1	0.1	1.00	-1.00	
1.0	0.9	0.7	0.3	0.4	0.2	0.7	0.7	0.1	-1.00	-1.00	
0.3	0.1	0.1	0.1	0.2	0.35	0.3	0.1	0.1	-1.00	-1.00	
0.6	0.8	0.7	0.8	0.6	0.8	0.8	0.9	0.1	-1.00	1.00	
0.3	0.1	0.2	0.1	0.2	0.1	0.2	0.1	0.1	1.00	-1.00	
0.4	0.1	0.1	0.1	0.2	0.1	0.1	0.1	0.1	1.00	-1.00	
0.9	1.0	1.0	1.0	1.0	1.0	1.0	1.0	0.1	-1.00	1.00	
0.4	0.1	0.1	0.1	0.2	0.1	0.2	0.1	0.1	1.00	-1.00	
0.1	0.1	0.1	0.1	0.5	0.1	0.3	0.1	0.1	1.00	-1.00	
0.1	0.1	0.1	0.1	0.1	0.1	0.3	0.1	0.1	1.00	-1.00	
0.5	1.0	1.0	0.9	0.6	1.0	0.7	1.0	0.5	-1.00	1.00	
0.2	0.1	0.3	0.2	0.2	0.1	0.2	0.1	0.1	1.00	-1.00	
0.1	0.1	0.1	0.1	0.2	0.1	0.2	0.1	0.1	1.00	-1.00	
1.0	0.2	0.2	0.1	0.2	0.6	0.1	0.1	0.2	-1.00	-1.00	
0.5	0.1	0.2	0.1	0.2	0.1	0.1	0.1	0.1	-1.00	-1.00	
0.3	0.1	0.1	0.1	0.2	0.1	0.2	0.1	0.1	1.00	-1.00	
0.4	0.1	0.1	0.1	0.2	0.1	0.1	0.1	0.1	1.00	-1.00	
0.4	0.3	0.2	0.1	0.3	0.1	0.2	0.1	0.1	-1.00	-1.00	
0.1	0.1	0.1	0.1	0.1	0.35	0.2	0.1	0.1	1.00	-1.00	
1.0	1.0	1.0	0.7	0.9	1.0	0.7	1.0	1.0	-1.00	1.00	
0.5	0.1	0.1	0.1	0.2	0.1	0.2	0.1	0.1	-1.00	-1.00	
0.3	0.1	0.1	0.1	0.2	0.1	0.1	0.1	0.1	1.00	-1.00	
0.6	0.1	0.1	0.1	0.2	0.1	0.2	0.1	0.1	-1.00	-1.00	
0.5	0.3	0.3	0.4	0.2	0.4	0.3	0.4	0.1	-1.00	-1.00	
0.8	0.5	0.5	0.5	0.2	1.0	0.4	0.3	0.1	-1.00	-1.00	
0.2	0.1	0.1	0.1	0.1	0.1	0.3	0.1	0.1	1.00	-1.00	
0.1	0.5	0.8	0.6	0.5	0.8	0.7	1.0	0.1	-1.00	-1.00	
0.4	0.1	0.1	0.1	0.2	0.1	0.1	0.1	0.1	1.00	-1.00	
0.8	0.4	0.7	0.1	0.3	1.0	0.3	0.9	0.2	-1.00	1.00	
0.5	1.0	1.0	0.6	1.0	1.0	1.0	0.6	0.5	-1.00	1.00	
0.5	0.1	0.1	0.1	0.2	0.1	0.1	0.1	0.1	-1.00	-1.00	
0.2	0.1	0.2	0.1	0.2	0.1	0.3	0.1	0.1	1.00	-1.00	
0.8	0.5	0.6	0.2	0.3	1.0	0.6	0.6	0.1	-1.00	1.00	
0.6	0.2	0.1	0.1	0.1	0.1	0.7	0.1	0.1	-1.00	-1.00	
0.8	1.0	1.0	0.7	1.0	1.0	0.7	0.3	0.8	-1.00	1.00	
0.1	0.1	0.1	0.1	0.2	0.1	0.3	0.1	0.1	1.00	-1.00	
0.3	0.1	0.1	0.1	0.2	0.1	0.3	0.2	0.1	1.00	-1.00	
0.2	0.1	0.1	0.1	0.2	0.1	0.1	0.1	0.1	1.00	-1.00	
1.0	0.4	0.5	0.4	0.3	0.5	0.7	0.3	0.1	-1.00	-1.00	
0.5	0.2	0.2	0.2	0.2	0.1	0.1	0.1	0.2	-1.00	-1.00	
0.1	0.1	0.1	0.1	0.2	0.1	0.2	0.1	0.1	1.00	-1.00	
0.3	0.1	0.1	0.1	0.2	0.1	0.3	0.1	0.1	1.00	-1.00	
0.3	0.1	0.1	0.1	0.2	0.1	0.1	0.1	0.1	1.00	-1.00	
0.2	0.1	0.1	0.1	0.2	0.1	0.2	0.2	0.1	1.00	-1.00	
0.2	0.5	0.3	0.3	0.6	0.7	0.7	0.5	0.1	-1.00	-1.00	
0.1	0.1	0.3	0.1	0.2	0.1	0.1	0.1	0.1	1.00	-1.00	
0.1	0.1	0.1	0.1	0.1	0.1	0.3	0.1	0.1	1.00	-1.00	
0.2	0.1	0.1	0.1	0.2	0.1	0.1	0.1	0.1	1.00	-1.00	
0.2	0.1	0.1	0.2	0.2	0.1	0.3	0.1	0.1	1.00	-1.00	
0.6	0.3	0.2	0.1	0.3	0.4	0.4	0.1	0.1	-1.00	-1.00	
0.1	0.2	0.2	0.1	0.2	0.1	0.1	0.1	0.1	1.00	-1.00	
0.6	0.1	0.1	0.1	0.2	0.1	0.3	0.1	0.1	-1.00	-1.00	
0.5	0.3	0.5	0.5	0.3	0.3	0.4	1.0	0.1	-1.00	-1.00	
0.3	0.1	0.1	0.1	0.2	0.1	0.2	0.1	0.1	1.00	-1.00	
0.4	0.1	0.1	0.1	0.2	0.1	0.1	0.1	0.1	1.00	-1.00	
0.4	0.4	0.4	0.2	0.2	0.3	0.2	0.1	0.1	-1.00	-1.00	
0.5	0.1	0.4	0.1	0.2	0.1	0.3	0.2	0.1	-1.00	-1.00	
0.2	0.1	0.1	0.1	0.2	0.1	0.3	0.1	0.1	1.00	-1.00	
0.5	0.1	0.1	0.1	0.2	0.1	0.2	0.2	0.1	-1.00	-1.00	
1.0	0.6	0.3	0.6	0.4	1.0	0.7	0.8	0.4	-1.00	1.00	
0.3	0.1	0.1	0.1	0.3	0.1	0.2	0.1	0.1	1.00	-1.00	
0.5	0.1	0.1	0.1	0.2	0.1	0.3	0.1	0.2	-1.00	-1.00	
0.4	0.1	0.1	0.1	0.2	0.1	0.3	0.1	0.1	1.00	-1.00	
0.1	0.1	0.1	0.1	0.2	0.1	0.3	0.1	0.1	1.00	-1.00	
0.5	0.2	0.2	0.2	0.2	0.1	0.2	0.2	0.1	-1.00	-1.00	
1.0	0.4	0.2	0.1	0.3	0.2	0.4	0.3	1.0	-1.00	-1.00	
0.3	0.1	0.1	0.2	0.3	0.4	0.1	0.1	0.1	-1.00	-1.00	
0.3	0.2	0.2	0.1	0.4	0.3	0.2	0.1	0.1	-1.00	-1.00	
0.7	0.9	0.4	1.0	1.0	0.3	0.5	0.3	0.3	-1.00	-1.00	
0.4	0.1	0.1	0.1	0.2	0.1	0.1	0.1	0.1	1.00	-1.00	
1.0	0.5	0.6	1.0	0.6	1.0	0.7	0.7	1.0	-1.00	1.00	
0.3	0.1	0.1	0.1	0.2	0.2	0.3	0.1	0.1	1.00	-1.00	
0.1	0.1	0.4	0.1	0.2	0.1	0.2	0.1	0.1	1.00	-1.00	
0.4	0.1	0.2	0.1	0.2	0.1	0.2	0.1	0.1	1.00	-1.00	
0.3	0.2	0.1	0.1	0.2	0.1	0.2	0.2	0.1	1.00	-1.00	
0.3	0.1	0.1	0.1	0.2	0.1	0.2	0.1	0.1	1.00	-1.00	
0.8	0.7	0.5	1.0	0.7	0.9	0.5	0.5	0.4	-1.00	1.00	
1.0	0.5	0.5	0.6	0.3	1.0	0.7	0.9	0.2	-1.00	1.00	
0.1	0.1	0.1	0.1	0.2	0.1	0.1	0.1	0.1	1.00	-1.00	
0.5	0.1	0.1	0.6	0.3	0.1	0.2	0.1	0.1	-1.00	-1.00	
0.8	0.7	0.6	0.4	0.4	1.0	0.5	0.1	0.1	-1.00	1.00	
1.0	1.0	0.7	0.8	0.7	0.1	1.0	1.0	0.3	-1.00	-1.00	
0.8	0.2	0.1	0.1	0.5	0.1	0.1	0.1	0.1	-1.00	-1.00	
0.3	0.1	0.1	0.1	0.2	0.1	0.3	0.1	0.1	1.00	-1.00	
1.0	0.4	0.3	0.1	0.3	0.3	0.6	0.5	0.2	-1.00	-1.00	
0.2	0.1	0.1	0.1	0.2	0.1	0.2	0.1	0.1	1.00	-1.00	
0.2	0.1	0.1	0.2	0.2	0.1	0.1	0.1	0.1	1.00	-1.00	
0.5	0.1	0.1	0.1	0.2	0.1	0.2	0.1	0.1	-1.00	-1.00	
0.2	0.1	0.1	0.1	0.2	0.1	0.1	0.1	0.1	1.00	-1.00	
0.5	1.0	1.0	0.3	0.7	0.3	0.8	1.0	0.2	-1.00	-1.00	
0.5	0.1	0.1	0.1	0.2	0.1	0.1	0.1	0.1	-1.00	-1.00	
0.5	0.2	0.1	0.1	0.2	0.1	0.1	0.1	0.1	-1.00	-1.00	
0.2	0.1	0.1	0.1	0.2	0.1	0.3	0.1	0.1	1.00	-1.00	
0.7	0.5	0.6	1.0	0.5	1.0	0.7	0.9	0.4	-1.00	1.00	
0.7	0.8	0.7	0.2	0.4	0.8	0.3	0.8	0.2	-1.00	1.00	
0.2	0.1	0.1	0.1	0.3	0.1	0.2	0.1	0.1	1.00	-1.00	
1.0	1.0	1.0	1.0	0.3	1.0	1.0	0.6	0.1	-1.00	1.00	
0.6	1.0	0.2	0.8	1.0	0.2	0.7	0.8	1.0	-1.00	-1.00	
0.1	0.1	0.1	0.1	0.2	0.5	0.1	0.1	0.1	-1.00	-1.00	
0.4	0.2	0.2	0.1	0.2	0.1	0.2	0.1	0.1	-1.00	-1.00	
0.9	0.8	0.8	0.9	0.6	0.3	0.4	0.1	0.1	-1.00	-1.00	
0.1	0.1	0.3	0.1	0.2	0.1	0.2	0.1	0.1	1.00	-1.00	
0.8	0.7	0.8	0.5	1.0	1.0	0.7	0.2	0.1	-1.00	1.00	
0.5	0.3	0.4	0.3	0.4	0.5	0.4	0.7	0.1	-1.00	-1.00	
0.1	0.1	0.1	0.1	1.0	0.1	0.1	0.1	0.1	1.00	-1.00	
0.1	0.1	0.1	0.1	0.2	0.1	0.1	0.1	0.1	1.00	-1.00	
0.3	0.3	0.5	0.2	0.3	1.0	0.7	0.1	0.1	-1.00	-1.00	
0.4	0.1	0.2	0.1	0.2	0.1	0.3	0.1	0.1	1.00	-1.00	
0.5	0.1	0.1	0.1	0.2	0.1	0.1	0.1	0.1	-1.00	-1.00	
0.3	0.1	0.1	0.3	0.2	0.1	0.1	0.1	0.1	1.00	-1.00	
1.0	1.0	0.9	0.3	0.7	0.5	0.3	0.5	0.1	-1.00	1.00	
0.1	0.1	0.1	0.1	0.2	0.1	0.3	0.1	0.1	1.00	-1.00	
0.3	0.1	0.1	0.1	0.1	0.1	0.2	0.1	0.1	1.00	-1.00	
1.0	1.0	1.0	0.8	0.6	0.1	0.8	0.9	0.1	-1.00	-1.00	
0.6	1.0	1.0	0.2	0.8	1.0	0.7	0.3	0.3	-1.00	1.00	
0.3	0.1	0.1	0.1	0.2	0.1	0.3	0.1	0.1	1.00	-1.00	
0.4	0.1	0.1	0.1	0.2	0.1	0.2	0.1	0.1	1.00	-1.00	
0.6	1.0	0.5	0.5	0.4	1.0	0.6	1.0	0.1	-1.00	1.00	
0.5	0.7	0.4	0.1	0.6	0.1	0.7	1.0	0.3	-1.00	-1.00	
1.0	0.4	0.3	1.0	0.4	1.0	1.0	0.1	0.1	-1.00	1.00	
0.9	1.0	1.0	1.0	1.0	0.5	1.0	1.0	1.0	-1.00	1.00	
0.1	0.1	0.1	0.1	0.2	0.1	0.2	0.1	0.1	1.00	-1.00	
0.5	0.7	1.0	1.0	0.5	1.0	1.0	1.0	0.1	-1.00	1.00	
0.1	0.1	0.1	0.1	0.2	0.1	0.2	0.1	0.1	1.00	-1.00	
0.4	0.1	0.2	0.1	0.2	0.1	0.1	0.1	0.1	1.00	-1.00	
0.1	0.1	0.1	0.1	0.2	0.1	0.2	0.1	0.1	1.00	-1.00	
0.1	0.1	0.1	0.1	0.3	0.1	0.1	0.1	0.1	1.00	-1.00	
0.1	0.1	0.1	0.1	0.2	0.1	0.2	0.1	0.1	1.00	-1.00	
0.3	0.3	0.2	0.1	0.3	0.1	0.3	0.6	0.1	-1.00	-1.00	
0.1	0.1	0.1	0.1	0.2	0.1	0.1	0.1	0.1	1.00	-1.00	
0.4	0.1	0.1	0.1	0.2	0.1	0.2	0.1	0.1	1.00	-1.00	
0.1	0.1	0.1	0.1	0.2	0.1	0.3	0.1	0.1	1.00	-1.00	
1.0	0.4	0.4	0.6	0.2	1.0	0.2	0.3	0.1	-1.00	1.00	
0.5	0.3	0.3	0.1	0.3	0.3	0.3	0.3	0.3	-1.00	-1.00	
0.1	0.1	0.1	0.1	0.1	0.1	0.3	0.1	0.1	1.00	-1.00	
1.0	0.4	0.3	0.2	0.3	1.0	0.5	0.3	0.2	-1.00	1.00	
0.1	0.1	0.1	0.1	0.2	0.1	0.1	0.1	0.1	1.00	-1.00	
0.9	0.9	1.0	0.3	0.6	1.0	0.7	1.0	0.6	-1.00	1.00	
0.4	0.1	0.1	0.1	0.2	0.1	0.2	0.1	0.1	1.00	-1.00	
0.5	0.7	0.7	0.1	0.5	0.8	0.3	0.4	0.1	-1.00	-1.00	
0.3	1.0	0.8	0.7	0.6	0.9	0.9	0.3	0.8	-1.00	1.00	
1.0	0.6	0.4	0.3	1.0	1.0	0.9	1.0	0.1	-1.00	1.00	
0.3	0.1	0.1	0.1	0.1	0.1	0.2	0.1	0.1	1.00	-1.00	
0.3	0.4	0.5	0.2	0.6	0.8	0.4	0.1	0.1	-1.00	-1.00	
0.3	0.1	0.1	0.1	0.1	0.1	0.2	0.1	0.1	1.00	-1.00	
0.3	0.3	0.6	0.4	0.5	0.8	0.4	0.4	0.1	-1.00	-1.00	
0.3	0.1	0.1	0.1	0.2	0.5	0.1	0.1	0.1	-1.00	-1.00	
0.1	0.1	0.1	0.1	0.2	0.1	0.3	0.1	0.1	1.00	-1.00	
1.0	0.8	1.0	0.1	0.3	1.0	0.5	0.1	0.1	-1.00	1.00	
1.0	0.3	0.5	0.1	1.0	0.5	0.3	1.0	0.2	-1.00	-1.00	
0.4	0.1	0.1	0.1	0.2	0.1	0.2	0.1	0.1	1.00	-1.00	
0.1	0.1	0.1	0.1	0.1	0.1	0.1	0.1	0.1	1.00	-1.00	
0.9	0.1	0.2	0.6	0.4	1.0	0.7	0.7	0.2	-1.00	-1.00	
0.5	0.1	0.1	0.3	0.2	0.1	0.1	0.1	0.1	-1.00	-1.00	
0.3	0.1	0.1	0.2	0.2	0.1	0.1	0.1	0.1	1.00	-1.00	
0.2	0.1	0.1	0.1	0.2	0.5	0.1	0.1	0.1	-1.00	-1.00	
0.1	0.1	0.1	0.1	0.2	0.1	0.1	0.1	0.8	1.00	-1.00	
0.5	0.3	0.3	0.3	0.2	0.3	0.4	0.4	0.1	-1.00	-1.00	
0.4	0.8	0.7	1.0	0.4	1.0	0.7	0.5	0.1	-1.00	1.00	
0.5	1.0	1.0	0.3	0.8	0.1	0.5	1.0	0.3	-1.00	-1.00	
0.4	0.1	0.1	0.1	0.2	0.1	0.1	0.1	0.1	1.00	-1.00	
0.5	0.3	0.2	0.4	0.2	0.1	0.1	0.1	0.1	-1.00	-1.00	
0.1	0.1	0.1	0.2	0.2	0.1	0.3	0.1	0.1	1.00	-1.00	
0.5	0.4	0.6	0.7	0.9	0.7	0.8	1.0	0.1	-1.00	-1.00	
0.1	0.1	0.1	0.1	0.2	0.5	0.5	0.1	0.1	-1.00	-1.00	
1.0	0.4	0.4	1.0	0.6	1.0	0.5	0.5	0.1	-1.00	1.00	
0.4	0.5	0.5	0.8	0.6	1.0	1.0	0.7	0.1	-1.00	-1.00	
0.6	0.9	0.7	0.5	0.5	0.8	0.4	0.2	0.1	-1.00	-1.00	
0.5	0.1	0.1	0.1	0.2	0.1	0.1	0.1	0.1	-1.00	-1.00	
0.1	0.1	0.1	0.2	0.2	0.1	0.2	0.1	0.1	1.00	-1.00	
0.2	0.3	0.4	0.4	0.2	0.5	0.2	0.5	0.1	-1.00	-1.00	
0.2	0.1	0.1	0.1	0.2	0.1	0.1	0.1	0.1	1.00	-1.00	
0.1	0.1	0.1	0.2	0.1	0.1	0.1	0.1	0.1	1.00	-1.00	
0.5	1.0	0.6	0.1	1.0	0.4	0.4	1.0	1.0	-1.00	-1.00	
0.3	0.1	0.1	0.1	0.2	0.1	0.2	0.1	0.1	1.00	-1.00	
0.5	0.6	0.5	0.6	1.0	0.1	0.3	0.1	0.1	-1.00	-1.00	
0.4	0.1	0.2	0.1	0.2	0.1	0.2	0.1	0.1	1.00	-1.00	
0.4	0.1	0.1	0.1	0.2	0.1	0.1	0.2	0.1	1.00	-1.00	
0.8	0.4	0.5	0.1	0.2	0.35	0.7	0.3	0.1	-1.00	-1.00	
0.6	0.3	0.3	0.3	0.3	0.2	0.6	0.1	0.1	-1.00	-1.00	
1.0	0.4	0.3	1.0	0.3	1.0	0.7	0.1	0.2	-1.00	1.00	
0.4	0.2	0.1	0.1	0.2	0.1	0.1	0.1	0.1	1.00	-1.00	
0.9	0.5	0.8	0.1	0.2	0.3	0.2	0.1	0.5	-1.00	-1.00	
0.1	0.1	0.1	0.1	0.2	0.1	0.3	0.1	0.1	1.00	-1.00	
0.5	0.1	0.2	0.1	0.2	0.1	0.1	0.1	0.1	-1.00	-1.00	
0.4	0.1	0.1	0.3	0.1	0.1	0.2	0.1	0.1	1.00	-1.00	
0.5	0.2	0.2	0.2	0.3	0.1	0.1	0.3	0.1	-1.00	-1.00	
0.3	0.7	0.7	0.4	0.4	0.9	0.4	0.8	0.1	-1.00	-1.00	
0.1	0.1	0.1	0.1	0.2	0.1	0.1	0.1	0.1	1.00	-1.00	
0.5	0.1	0.2	0.1	0.2	0.1	0.1	0.1	0.1	-1.00	-1.00	
0.9	1.0	1.0	0.1	1.0	0.8	0.3	0.3	0.1	-1.00	1.00	
0.1	0.1	0.1	0.1	0.2	0.1	0.1	0.1	0.1	1.00	-1.00	
0.5	0.1	0.1	0.1	0.2	0.2	0.3	0.3	0.1	-1.00	-1.00	
1.0	0.7	0.7	0.3	0.8	0.5	0.7	0.4	0.3	-1.00	-1.00	
0.5	0.1	0.1	0.1	0.2	0.1	0.2	0.2	0.1	-1.00	-1.00	
0.8	1.0	1.0	0.1	0.3	0.6	0.3	0.9	0.1	-1.00	1.00	
1.0	0.8	1.0	1.0	0.6	0.1	0.3	0.1	1.0	-1.00	-1.00	
0.3	0.1	0.1	0.1	0.2	0.1	0.3	0.1	0.1	1.00	-1.00	
0.8	1.0	0.4	0.4	0.8	1.0	0.8	0.2	0.1	-1.00	1.00	
0.5	0.1	0.1	0.1	0.2	0.1	0.2	0.1	0.1	-1.00	-1.00	
0.1	0.1	0.1	0.1	0.2	0.1	0.1	0.1	0.1	1.00	-1.00	
0.4	0.4	0.4	0.4	0.6	0.5	0.7	0.3	0.1	-1.00	-1.00	
0.1	0.1	0.1	0.1	0.1	0.1	0.2	0.1	0.1	1.00	-1.00	
0.5	0.2	0.3	0.4	0.2	0.7	0.3	0.6	0.1	-1.00	-1.00	
1.0	0.4	0.6	0.4	0.5	1.0	0.7	0.1	0.1	-1.00	1.00	
1.0	0.4	0.6	0.1	0.2	1.0	0.5	0.3	0.1	-1.00	1.00	
0.1	0.1	0.1	0.1	0.1	0.1	0.3	0.1	0.1	1.00	-1.00	
0.8	0.6	0.7	0.3	0.3	1.0	0.3	0.4	0.2	-1.00	1.00	
1.0	0.4	0.4	1.0	0.2	1.0	0.5	0.3	0.3	-1.00	1.00	
0.5	0.1	0.3	0.3	0.2	0.2	0.2	0.3	0.1	-1.00	-1.00	
0.2	0.1	0.1	0.1	0.2	0.1	0.2	0.1	0.1	1.00	-1.00	
0.4	0.1	0.1	0.1	0.2	0.1	0.3	0.1	0.1	1.00	-1.00	
0.1	0.1	0.1	0.1	0.2	0.1	0.1	0.1	0.1	1.00	-1.00	
0.6	0.1	0.1	0.1	0.2	0.1	0.3	0.1	0.1	-1.00	-1.00	
1.0	1.0	1.0	0.1	0.6	0.1	0.2	0.8	0.1	-1.00	-1.00	
0.4	0.2	0.3	0.5	0.3	0.8	0.7	0.6	0.1	-1.00	-1.00	
0.3	0.2	0.1	0.2	0.2	0.1	0.3	0.1	0.1	1.00	-1.00	
0.4	0.1	0.1	0.1	0.1	0.1	0.2	0.1	0.1	1.00	-1.00	
0.4	0.1	0.1	0.1	0.2	0.1	0.2	0.1	0.1	1.00	-1.00	
0.1	0.1	0.1	0.1	0.2	0.1	0.2	0.1	0.1	1.00	-1.00	
0.1	0.1	0.1	0.1	0.1	0.35	0.1	0.1	0.1	1.00	-1.00	
0.4	0.2	0.1	0.1	0.2	0.2	0.3	0.1	0.1	-1.00	-1.00	
0.8	0.4	0.4	0.1	0.2	0.9	0.3	0.3	0.1	-1.00	-1.00	
0.5	0.1	0.1	0.1	0.1	0.1	0.3	0.1	0.1	1.00	-1.00	
0.3	0.2	0.2	0.1	0.2	0.1	0.2	0.3	0.1	1.00	-1.00	
0.9	0.6	0.9	0.2	1.0	0.6	0.2	0.9	1.0	-1.00	1.00	
0.6	0.8	0.7	0.5	0.6	0.8	0.8	0.9	0.2	-1.00	1.00	
0.1	0.1	0.1	0.1	0.2	0.1	0.2	0.1	0.1	1.00	-1.00	
0.7	0.4	0.4	0.3	0.4	1.0	0.6	0.9	0.1	-1.00	1.00	
0.5	0.4	0.6	0.8	0.4	0.1	0.8	1.0	0.1	-1.00	-1.00	
0.6	0.3	0.4	0.1	0.5	0.2	0.3	0.9	0.1	-1.00	-1.00	
0.1	0.1	0.2	0.1	0.2	0.2	0.4	0.2	0.1	1.00	-1.00	
0.8	0.9	0.9	0.5	0.3	0.5	0.7	0.7	0.1	-1.00	-1.00	
0.3	0.4	0.5	0.3	0.7	0.3	0.4	0.6	0.1	-1.00	-1.00	
1.0	0.3	0.6	0.2	0.3	0.5	0.4	1.0	0.2	-1.00	-1.00	
0.1	0.1	0.1	0.3	0.2	0.1	0.1	0.1	0.1	1.00	-1.00	
0.3	0.1	0.1	0.1	0.2	0.1	0.1	0.1	0.1	1.00	-1.00	
0.1	0.1	0.2	0.2	0.2	0.1	0.3	0.1	0.1	1.00	-1.00	
0.2	0.1	0.1	0.2	0.2	0.1	0.3	0.1	0.1	1.00	-1.00	
1.0	0.1	0.1	0.1	0.2	1.0	0.5	0.4	0.1	-1.00	-1.00	
0.5	0.1	0.1	0.1	0.1	0.1	0.1	0.1	0.1	1.00	-1.00	
0.1	0.1	0.1	0.1	0.2	0.1	0.2	0.1	0.1	1.00	-1.00	
0.6	1.0	0.7	0.7	0.6	0.4	0.8	1.0	0.2	-1.00	-1.00	
0.3	0.1	0.1	0.1	0.2	0.1	0.3	0.1	0.1	1.00	-1.00	
0.4	0.2	0.1	0.1	0.2	0.1	0.2	0.1	0.1	1.00	-1.00	
0.3	0.1	0.1	0.1	0.2	0.1	0.2	0.1	0.1	1.00	-1.00	
0.1	0.1	0.1	0.1	0.2	0.1	0.2	0.1	0.1	1.00	-1.00	
0.3	0.3	0.2	0.2	0.3	0.1	0.1	0.2	0.3	-1.00	-1.00	
0.1	0.1	0.1	0.1	0.3	0.2	0.2	0.1	0.1	1.00	-1.00	
0.5	0.1	0.1	0.4	0.2	0.1	0.3	0.1	0.1	-1.00	-1.00	
0.3	0.1	0.1	0.1	0.2	0.1	0.2	0.1	0.1	1.00	-1.00	
0.4	0.1	0.1	0.1	0.2	0.2	0.3	0.2	0.1	-1.00	-1.00	
1.0	1.0	0.6	0.3	0.3	1.0	0.4	0.3	0.2	-1.00	1.00	
0.8	0.7	0.8	0.7	0.5	0.5	0.5	1.0	0.2	-1.00	-1.00	
0.1	0.1	0.1	0.1	0.2	0.1	0.2	0.1	0.1	1.00	-1.00	
0.3	0.3	0.2	0.1	0.2	0.3	0.3	0.1	0.1	-1.00	-1.00	
0.3	0.1	0.1	0.1	0.2	0.1	0.2	0.1	0.1	1.00	-1.00	
0.5	0.3	0.4	0.1	0.4	0.1	0.3	0.1	0.1	-1.00	-1.00	
0.4	0.1	0.1	0.1	0.2	0.1	0.3	0.6	0.1	-1.00	-1.00	
0.1	0.1	0.1	0.1	0.2	0.1	0.3	0.1	0.1	1.00	-1.00	
0.5	0.1	0.1	0.1	0.2	0.1	0.2	0.1	0.1	-1.00	-1.00	
0.5	0.5	0.5	0.2	0.5	1.0	0.4	0.3	0.1	-1.00	-1.00	
0.4	0.7	0.8	0.3	0.4	1.0	0.9	0.1	0.1	-1.00	-1.00	
0.8	0.8	0.8	0.1	0.2	0.35	0.6	1.0	0.1	-1.00	-1.00	
0.8	1.0	0.5	0.3	0.8	0.4	0.4	1.0	0.3	-1.00	-1.00	
1.0	1.0	1.0	1.0	0.7	1.0	0.7	1.0	0.4	-1.00	1.00	
0.6	0.1	0.1	0.3	0.2	0.1	0.1	0.1	0.1	-1.00	-1.00	
0.3	0.6	0.6	0.6	0.5	1.0	0.6	0.8	0.3	-1.00	-1.00	
0.6	0.1	0.3	0.1	0.2	0.1	0.3	0.1	0.1	-1.00	-1.00	
0.8	0.8	0.7	0.4	1.0	1.0	0.7	0.8	0.7	-1.00	1.00	
0.3	0.1	0.2	0.2	0.2	0.1	0.1	0.1	0.1	1.00	-1.00	
0.5	0.4	0.6	1.0	0.2	1.0	0.4	0.1	0.1	-1.00	-1.00	
0.1	0.1	0.1	0.1	0.1	0.1	0.2	0.1	0.1	1.00	-1.00	
0.5	0.8	0.9	0.4	0.3	1.0	0.7	0.1	0.1	-1.00	1.00	
0.2	0.1	0.1	0.1	0.2	0.1	0.3	0.1	0.1	1.00	-1.00	
0.3	0.1	0.1	0.1	0.2	0.1	0.3	0.1	0.1	1.00	-1.00	
0.4	0.1	0.1	0.1	0.2	0.1	0.3	0.1	0.1	1.00	-1.00	
0.5	0.1	0.1	0.3	0.2	0.1	0.1	0.1	0.1	-1.00	-1.00	
0.1	0.1	0.1	0.1	0.2	0.1	0.3	0.1	0.1	1.00	-1.00	
0.4	0.8	0.6	0.4	0.3	0.4	1.0	0.6	0.1	-1.00	-1.00	
1.0	1.0	0.8	0.6	0.4	0.5	0.8	1.0	0.1	-1.00	1.00	
0.6	0.5	0.4	0.4	0.3	0.9	0.7	0.8	0.3	-1.00	-1.00	
0.1	0.1	0.1	0.3	0.1	0.3	0.1	0.1	0.1	1.00	-1.00	
0.3	0.1	0.1	0.1	0.2	0.1	0.2	0.1	0.1	1.00	-1.00	
0.7	0.8	0.7	0.6	0.4	0.3	0.8	0.8	0.4	-1.00	-1.00	
0.3	0.1	0.1	0.1	0.2	0.1	0.2	0.1	0.1	1.00	-1.00	
0.3	0.2	0.1	0.1	0.1	0.1	0.2	0.1	0.1	1.00	-1.00	
0.1	0.1	0.1	0.1	0.2	0.1	0.3	0.1	0.1	1.00	-1.00	
0.2	0.3	0.1	0.1	0.5	0.1	0.1	0.1	0.1	1.00	-1.00	
0.5	0.2	0.2	0.2	0.1	0.1	0.2	0.1	0.1	-1.00	-1.00	
0.8	1.0	1.0	0.8	0.7	1.0	0.9	0.7	0.1	-1.00	1.00	
0.1	0.1	0.1	0.1	0.2	0.1	0.1	0.1	0.1	1.00	-1.00	
0.5	0.1	0.1	0.1	0.2	0.1	0.3	0.1	0.1	-1.00	-1.00	
0.5	0.3	0.3	0.3	0.6	1.0	0.3	0.1	0.1	-1.00	-1.00	
0.8	1.0	1.0	1.0	0.6	1.0	1.0	1.0	1.0	-1.00	1.00	
0.5	0.1	0.1	0.1	0.2	0.1	0.3	0.1	0.1	-1.00	-1.00	
0.6	0.2	0.3	0.1	0.2	0.1	0.1	0.1	0.1	-1.00	-1.00	
0.5	0.1	0.2	0.1	0.2	0.1	0.3	0.1	0.1	-1.00	-1.00	
0.1	0.1	0.1	0.1	0.2	0.1	0.1	0.1	0.1	1.00	-1.00	
0.1	0.1	0.2	0.1	0.2	0.1	0.2	0.1	0.1	1.00	-1.00	
0.1	0.2	0.1	0.3	0.2	0.1	0.2	0.1	0.1	1.00	-1.00	
0.8	1.0	0.3	0.2	0.6	0.4	0.3	1.0	0.1	-1.00	-1.00	
0.1	0.1	0.3	0.1	0.2	0.35	0.2	0.1	0.1	-1.00	-1.00	
0.3	0.1	0.1	0.1	0.2	0.1	0.2	0.3	0.1	1.00	-1.00	
0.1	0.1	0.1	0.1	0.2	0.1	0.1	0.1	0.1	1.00	-1.00	
0.1	0.1	0.1	0.1	0.2	0.2	0.1	0.1	0.1	1.00	-1.00	
1.0	1.0	1.0	0.4	0.8	0.1	0.8	1.0	0.1	-1.00	-1.00	
0.1	0.1	0.1	0.1	0.2	0.1	0.1	0.1	0.1	1.00	-1.00	
0.5	0.7	1.0	0.6	0.5	1.0	0.7	0.5	0.1	-1.00	1.00	
0.7	0.5	0.6	1.0	0.4	1.0	0.5	0.3	0.1	-1.00	1.00	
0.2	0.1	0.1	0.1	0.2	0.1	0.2	0.1	0.1	1.00	-1.00	
0.5	0.1	0.3	0.1	0.2	0.1	0.3	0.1	0.1	-1.00	-1.00	
0.3	0.1	0.1	0.1	0.2	0.1	0.3	0.1	0.1	1.00	-1.00	
0.2	0.3	0.2	0.2	0.2	0.2	0.3	0.1	0.1	-1.00	-1.00	
0.1	0.3	0.1	0.1	0.2	0.1	0.2	0.2	0.1	1.00	-1.00	
0.4	0.1	0.1	0.1	0.2	0.1	0.3	0.1	0.1	1.00	-1.00	
0.5	0.1	0.1	0.1	0.2	0.1	0.2	0.1	0.1	-1.00	-1.00	
0.5	0.1	0.2	0.1	0.2	0.1	0.3	0.1	0.1	-1.00	-1.00	
0.5	0.3	0.1	0.1	0.2	0.1	0.1	0.1	0.1	-1.00	-1.00	
1.0	0.8	0.8	0.2	0.8	1.0	0.4	0.8	1.0	-1.00	1.00	
0.5	1.0	1.0	1.0	0.6	1.0	0.6	0.5	0.2	-1.00	1.00	
0.5	0.1	0.1	0.2	0.1	0.1	0.2	0.1	0.1	1.00	-1.00	
0.7	0.4	0.6	0.4	0.6	0.1	0.4	0.3	0.1	-1.00	-1.00	
0.1	0.1	0.1	0.1	0.1	0.1	0.1	0.3	0.1	1.00	-1.00	
0.5	0.6	0.6	0.8	0.6	1.0	0.4	1.0	0.4	-1.00	1.00	
0.3	0.1	0.1	0.1	0.2	0.1	0.1	0.1	0.1	1.00	-1.00	
0.5	0.1	0.1	0.1	0.2	0.1	0.2	0.1	0.1	-1.00	-1.00	
0.4	0.6	0.5	0.6	0.7	0.35	0.4	0.9	0.1	-1.00	-1.00	
1.0	0.5	0.5	0.6	0.8	0.8	0.7	0.1	0.1	-1.00	1.00	
0.1	0.1	0.1	0.1	0.2	0.1	0.3	0.1	0.1	1.00	-1.00	
0.1	0.1	0.1	0.1	0.2	0.1	0.3	0.1	0.1	1.00	-1.00	
0.8	0.3	0.3	0.1	0.2	0.2	0.3	0.2	0.1	-1.00	-1.00	
0.5	0.2	0.2	0.2	0.2	0.2	0.3	0.2	0.2	-1.00	-1.00	
0.3	0.2	0.1	0.1	0.2	0.2	0.3	0.1	0.1	-1.00	-1.00	
0.3	0.1	0.1	0.1	0.2	0.1	0.2	0.1	0.1	1.00	-1.00	
0.3	0.1	0.1	0.1	0.2	0.1	0.1	0.1	0.1	1.00	-1.00	
0.5	0.1	0.1	0.1	0.2	0.1	0.2	0.1	0.1	-1.00	-1.00	
1.0	0.9	0.8	0.7	0.6	0.4	0.7	1.0	0.3	-1.00	1.00	
0.5	0.1	0.1	0.1	0.2	0.1	0.2	0.2	0.1	-1.00	-1.00	
0.2	0.7	1.0	1.0	0.7	1.0	0.4	0.9	0.4	-1.00	1.00	
0.3	0.1	0.1	0.3	0.8	0.1	0.5	0.8	0.1	-1.00	-1.00	
0.1	0.1	0.1	0.1	0.2	0.1	0.1	0.1	0.1	1.00	-1.00	
0.1	0.1	0.3	0.2	0.2	0.1	0.3	0.1	0.1	1.00	-1.00	
0.1	0.1	0.1	0.1	0.2	0.4	0.1	0.1	0.1	-1.00	-1.00	
0.5	0.8	0.8	0.8	0.5	1.0	0.7	0.8	0.1	-1.00	1.00	
0.1	0.1	0.1	0.1	0.2	0.1	0.2	0.3	0.1	1.00	-1.00	
0.6	0.1	0.3	0.1	0.4	0.5	0.5	1.0	0.1	-1.00	-1.00	
0.6	0.6	0.7	1.0	0.3	1.0	0.8	1.0	0.2	-1.00	1.00	
0.1	0.4	0.3	1.0	0.4	1.0	0.5	0.6	0.1	-1.00	-1.00	
0.3	0.1	0.1	0.1	0.2	0.1	0.1	0.1	0.1	1.00	-1.00	
0.5	0.8	0.8	1.0	0.5	1.0	0.8	1.0	0.3	-1.00	1.00	
0.5	0.1	0.1	0.2	0.2	0.2	0.3	0.1	0.1	-1.00	-1.00	
0.3	0.1	0.2	0.1	0.2	0.1	0.2	0.1	0.1	1.00	-1.00	
0.5	0.1	0.3	0.1	0.2	0.1	0.2	0.1	0.1	-1.00	-1.00	
0.2	0.1	0.1	0.1	0.2	0.1	0.1	0.1	0.1	1.00	-1.00	
0.5	0.6	0.7	0.8	0.8	1.0	0.3	1.0	0.3	-1.00	1.00	
1.0	0.3	0.3	0.1	0.2	1.0	0.7	0.6	0.1	-1.00	1.00	
0.1	0.1	0.1	0.1	0.2	0.1	0.2	0.1	0.1	1.00	-1.00	
0.3	0.1	0.1	0.1	0.2	0.1	0.2	0.1	0.1	1.00	-1.00	
0.8	1.0	1.0	1.0	0.7	0.5	0.4	0.8	0.7	-1.00	1.00	
0.1	0.1	0.1	0.1	0.1	0.1	0.3	0.1	0.1	1.00	-1.00	
0.1	0.1	0.1	0.1	0.1	0.1	0.1	0.1	0.1	1.00	-1.00	
0.1	0.1	0.1	0.1	0.2	0.1	0.1	0.1	0.1	1.00	-1.00	
0.4	0.1	0.1	0.1	0.2	0.1	0.2	0.1	0.1	1.00	-1.00	
0.3	0.1	0.1	0.1	0.3	0.1	0.2	0.1	0.1	1.00	-1.00	
0.5	0.4	0.4	0.5	0.7	1.0	0.3	0.2	0.1	-1.00	-1.00	
0.5	0.1	0.1	0.1	0.2	0.1	0.2	0.1	0.1	-1.00	-1.00	
0.4	0.1	0.1	0.1	0.2	0.1	0.2	0.1	0.1	1.00	-1.00	
0.4	0.1	0.1	0.1	0.2	0.1	0.3	0.2	0.1	1.00	-1.00	
1.0	0.6	0.6	0.2	0.4	1.0	0.9	0.7	0.1	-1.00	1.00	
0.4	1.0	0.4	0.7	0.3	1.0	0.9	1.0	0.1	-1.00	1.00	
0.4	0.1	0.1	0.1	0.2	0.1	0.1	0.1	0.1	1.00	-1.00	
0.3	0.1	0.1	0.1	0.2	0.2	0.7	0.1	0.1	-1.00	-1.00	
0.5	0.1	0.1	0.1	0.2	0.1	0.2	0.1	0.1	-1.00	-1.00	
1.0	0.7	0.7	0.6	0.4	1.0	0.4	0.1	0.2	-1.00	1.00	
0.4	0.1	0.1	0.1	0.2	0.1	0.3	0.2	0.1	1.00	-1.00	
0.1	0.2	0.1	0.3	0.2	0.1	0.1	0.2	0.1	1.00	-1.00	
1.0	0.5	0.8	1.0	0.3	1.0	0.5	0.1	0.3	-1.00	1.00	
0.2	0.5	0.7	0.6	0.4	1.0	0.7	0.6	0.1	-1.00	-1.00	
0.3	0.1	0.1	0.1	0.2	0.1	0.2	0.1	0.1	1.00	-1.00	
0.4	0.1	0.1	0.2	0.2	0.1	0.2	0.1	0.1	1.00	-1.00	
0.5	0.3	0.5	0.1	0.8	1.0	0.5	0.3	0.1	-1.00	-1.00	
0.3	1.0	0.7	0.8	0.5	0.8	0.7	0.4	0.1	-1.00	-1.00	
0.9	0.5	0.5	0.2	0.2	0.2	0.5	0.1	0.1	-1.00	-1.00	
0.9	0.4	0.5	1.0	0.6	1.0	0.4	0.8	0.1	-1.00	1.00	
0.5	0.1	0.1	0.1	0.2	0.1	0.3	0.1	0.1	-1.00	-1.00	
0.3	0.2	0.2	0.2	0.2	0.1	0.4	0.2	0.1	1.00	-1.00	
0.1	0.2	0.2	0.1	0.2	0.1	0.1	0.1	0.1	1.00	-1.00	
0.1	0.1	0.1	0.1	0.2	0.1	0.3	0.1	0.1	1.00	-1.00	
0.4	0.1	0.3	0.3	0.2	0.1	0.1	0.1	0.1	1.00	-1.00	
0.5	1.0	0.8	1.0	0.8	1.0	0.3	0.6	0.3	-1.00	1.00	
1.0	0.6	0.5	0.8	0.5	1.0	0.8	0.6	0.1	-1.00	1.00	
0.2	0.1	0.1	0.1	0.2	0.1	0.3	0.1	0.1	1.00	-1.00	
0.1	0.1	0.1	0.1	0.2	0.1	0.1	0.1	0.1	1.00	-1.00	
0.1	0.1	0.1	0.1	0.2	0.1	0.3	0.1	0.1	1.00	-1.00	
0.9	0.8	0.8	0.5	0.6	0.2	0.4	1.0	0.4	-1.00	-1.00	
1.0	0.3	0.4	0.5	0.3	1.0	0.4	0.1	0.1	-1.00	-1.00	
0.4	0.1	0.1	0.1	0.2	0.1	0.1	0.1	0.1	1.00	-1.00	
0.5	0.3	0.4	0.1	0.8	1.0	0.4	0.9	0.1	-1.00	-1.00	
0.1	0.1	0.1	0.1	0.2	0.1	0.1	0.1	0.1	1.00	-1.00	
0.1	0.1	0.1	0.1	0.2	0.1	0.1	0.1	0.1	1.00	-1.00	
0.2	0.1	0.1	0.1	0.2	0.1	0.2	0.1	0.1	1.00	-1.00	
0.4	0.3	0.1	0.1	0.2	0.1	0.4	0.8	0.1	-1.00	-1.00	
0.4	0.1	0.1	0.1	0.2	0.1	0.3	0.1	0.1	1.00	-1.00	
0.4	0.1	0.4	0.1	0.2	0.1	0.1	0.1	0.1	1.00	-1.00	
0.3	0.1	0.1	0.1	0.2	0.3	0.3	0.1	0.1	-1.00	-1.00	
0.8	0.3	0.8	0.3	0.4	0.9	0.8	0.9	0.8	-1.00	1.00	
0.6	0.8	0.8	0.1	0.3	0.4	0.3	0.7	0.1	-1.00	-1.00	
0.1	0.1	0.1	0.1	0.1	0.1	0.1	0.1	0.1	1.00	-1.00	
0.5	0.5	0.5	0.8	1.0	0.8	0.7	0.3	0.7	-1.00	-1.00	
0.1	0.1	0.1	0.1	0.2	0.1	0.3	0.1	0.1	1.00	-1.00	
0.5	0.5	0.5	0.6	0.3	1.0	0.3	0.1	0.1	-1.00	-1.00	
0.3	0.1	0.3	0.1	0.2	0.35	0.2	0.1	0.1	-1.00	-1.00	
0.5	0.2	0.1	0.1	0.2	0.1	0.3	0.1	0.1	-1.00	-1.00	
0.1	0.2	0.2	0.1	0.2	0.1	0.2	0.1	0.1	1.00	-1.00	
1.0	0.6	0.4	0.1	0.3	0.4	0.3	0.2	0.3	-1.00	-1.00	
0.5	0.1	0.1	0.1	0.2	0.1	0.1	0.1	0.1	-1.00	-1.00	
0.4	0.1	0.1	0.1	0.2	0.3	0.1	0.1	0.1	-1.00	-1.00	
0.3	0.2	0.2	0.3	0.2	0.3	0.3	0.1	0.1	-1.00	-1.00	
0.5	1.0	1.0	1.0	0.5	0.2	0.8	0.5	0.1	-1.00	-1.00	
0.4	0.5	0.5	1.0	0.4	1.0	0.7	0.5	0.8	-1.00	1.00	
0.8	0.4	0.6	0.3	0.3	0.1	0.4	0.3	0.1	-1.00	-1.00	
0.1	0.1	0.1	0.1	0.2	0.1	0.1	0.1	0.1	1.00	-1.00	
1.0	1.0	1.0	1.0	1.0	0.1	0.8	0.8	0.8	-1.00	1.00	
0.1	0.1	0.1	0.1	0.2	0.1	0.3	0.2	0.1	1.00	-1.00	
0.5	0.4	0.6	0.6	0.4	1.0	0.4	0.3	0.1	-1.00	-1.00	
0.2	0.1	0.1	0.1	0.1	0.1	0.1	0.1	0.1	1.00	-1.00	
0.7	0.6	0.3	0.2	0.5	1.0	0.7	0.4	0.6	-1.00	1.00	
0.3	0.1	0.1	0.4	0.3	0.1	0.2	0.2	0.1	1.00	-1.00	
0.8	0.4	0.4	0.1	0.6	1.0	0.2	0.5	0.2	-1.00	1.00	
0.4	0.6	0.6	0.5	0.7	0.6	0.7	0.7	0.3	-1.00	-1.00	
0.2	0.1	0.1	0.1	0.2	0.1	0.1	0.1	0.1	1.00	-1.00	
0.1	0.1	0.1	0.1	0.1	0.1	0.2	0.1	0.1	1.00	-1.00	
0.4	0.1	0.1	0.2	0.2	0.1	0.2	0.1	0.1	1.00	-1.00	
1.0	1.0	1.0	0.3	1.0	1.0	0.9	1.0	0.1	-1.00	1.00	
0.3	0.1	0.1	0.1	0.1	0.1	0.2	0.1	0.1	1.00	-1.00	
0.5	0.1	0.1	0.3	0.2	0.1	0.1	0.1	0.1	-1.00	-1.00	
0.6	1.0	1.0	1.0	1.0	1.0	0.8	1.0	1.0	-1.00	1.00	
0.5	0.3	0.3	0.2	0.3	0.1	0.3	0.1	0.1	-1.00	-1.00	
0.4	0.3	0.3	0.1	0.2	0.1	0.3	0.3	0.1	-1.00	-1.00	
1.0	0.8	0.7	0.4	0.3	1.0	0.7	0.9	0.1	-1.00	1.00	
1.0	1.0	1.0	1.0	0.6	1.0	0.8	0.1	0.5	-1.00	1.00	
0.2	0.1	0.1	0.1	0.2	0.1	0.3	0.1	0.1	1.00	-1.00	
0.3	0.1	0.1	0.1	0.2	0.1	0.2	0.1	0.1	1.00	-1.00	
0.3	0.1	0.1	0.1	0.2	0.5	0.5	0.1	0.1	-1.00	-1.00	
0.8	0.2	0.4	0.1	0.5	0.1	0.5	0.4	0.4	-1.00	-1.00	
0.1	0.1	0.3	0.1	0.2	0.1	0.1	0.1	0.1	1.00	-1.00	
0.1	0.1	0.2	0.1	0.3	0.35	0.1	0.1	0.1	-1.00	-1.00	
0.3	0.1	0.1	0.1	0.2	0.1	0.3	0.1	0.1	1.00	-1.00	
0.4	0.1	0.1	0.1	0.2	0.1	0.3	0.1	0.1	1.00	-1.00	
0.2	0.2	0.2	0.1	0.1	0.1	0.7	0.1	0.1	1.00	-1.00	
0.5	0.4	0.5	0.1	0.8	0.1	0.3	0.6	0.1	-1.00	-1.00	
0.5	0.8	0.7	0.7	1.0	1.0	0.5	0.7	0.1	-1.00	1.00	
0.8	1.0	1.0	0.8	0.6	0.9	0.3	1.0	1.0	-1.00	1.00	
1.0	0.3	0.3	1.0	0.2	1.0	0.7	0.3	0.3	-1.00	1.00	
0.1	0.1	0.2	0.1	0.2	0.1	0.2	0.1	0.1	1.00	-1.00	
0.5	0.1	0.1	0.1	0.2	0.1	0.1	0.1	0.1	-1.00	-1.00	
0.5	0.1	0.3	0.1	0.2	0.1	0.1	0.1	0.1	-1.00	-1.00	
0.3	0.1	0.1	0.1	0.2	0.4	0.1	0.1	0.1	-1.00	-1.00	
0.1	0.1	0.1	0.1	0.2	0.1	0.3	0.1	0.1	1.00	-1.00	
0.5	1.0	1.0	0.5	0.4	0.5	0.4	0.4	0.1	-1.00	-1.00	
0.5	0.3	0.3	0.1	0.2	0.1	0.2	0.1	0.1	-1.00	-1.00	
0.5	0.1	0.3	0.1	0.2	0.1	0.2	0.1	0.1	-1.00	-1.00	
0.8	1.0	1.0	1.0	0.8	1.0	1.0	0.7	0.3	-1.00	1.00	
0.5	0.3	0.1	0.2	0.2	0.1	0.2	0.1	0.1	-1.00	-1.00	
0.3	0.1	0.1	0.1	0.1	0.1	0.1	0.1	0.1	1.00	-1.00	
1.0	0.5	0.5	0.3	0.6	0.7	0.7	1.0	0.1	-1.00	1.00	
0.2	0.1	0.1	0.1	0.3	0.1	0.2	0.1	0.1	1.00	-1.00	
0.2	0.1	0.1	0.1	0.2	0.1	0.1	0.1	0.1	1.00	-1.00	
0.3	0.1	0.4	0.1	0.2	0.1	0.1	0.1	0.1	1.00	-1.00	
0.1	0.1	0.1	0.1	0.2	0.1	0.3	0.1	0.1	1.00	-1.00	
0.4	0.1	0.2	0.1	0.2	0.1	0.2	0.1	0.1	1.00	-1.00	
0.4	0.2	0.4	0.3	0.2	0.2	0.2	0.1	0.1	-1.00	-1.00	
0.1	0.1	0.1	0.1	0.2	0.1	0.2	0.1	0.1	1.00	-1.00	
1.0	1.0	0.8	1.0	0.6	0.5	1.0	0.3	0.1	-1.00	1.00	
0.1	0.1	0.1	0.1	0.4	0.3	0.1	0.1	0.1	1.00	-1.00	
0.5	1.0	1.0	1.0	1.0	0.2	1.0	1.0	1.0	-1.00	-1.00	
0.7	0.5	1.0	1.0	1.0	1.0	0.4	1.0	0.3	-1.00	1.00	
0.1	0.1	0.1	0.1	0.2	0.35	0.2	0.1	0.1	1.00	-1.00	
0.5	0.4	0.3	0.1	0.2	0.35	0.2	0.3	0.1	-1.00	-1.00	
0.1	0.1	0.1	0.1	0.2	0.1	0.2	0.1	0.1	1.00	-1.00	
0.1	0.1	0.1	0.1	0.2	0.1	0.2	0.1	0.1	1.00	-1.00	
0.3	0.1	0.1	0.1	0.2	0.1	0.2	0.1	0.1	1.00	-1.00	
0.1	0.1	0.1	0.3	0.2	0.1	0.1	0.1	0.1	1.00	-1.00	
0.4	0.1	0.1	0.3	0.2	0.1	0.3	0.1	0.1	1.00	-1.00	
0.5	0.2	0.4	0.1	0.1	0.1	0.1	0.1	0.1	-1.00	-1.00	
0.3	0.1	0.1	0.1	0.2	0.1	0.1	0.1	0.1	1.00	-1.00	
1.0	1.0	1.0	0.3	1.0	0.8	0.8	0.1	0.1	-1.00	1.00	
1.0	0.7	0.7	0.4	0.5	1.0	0.5	0.7	0.2	-1.00	1.00	
0.7	0.8	0.8	0.7	0.3	1.0	0.7	0.2	0.3	-1.00	1.00	
0.8	0.3	0.4	0.9	0.3	1.0	0.3	0.3	0.1	-1.00	-1.00	
0.1	0.6	0.8	1.0	0.8	1.0	0.5	0.7	0.1	-1.00	-1.00	
0.3	0.6	0.4	1.0	0.3	0.3	0.3	0.4	0.1	-1.00	-1.00	
0.1	0.1	0.1	0.1	0.2	0.1	0.1	0.1	0.1	1.00	-1.00	
0.1	0.1	0.1	0.1	0.2	0.1	0.2	0.1	0.2	1.00	-1.00	
Y1	W1: -0.73242	W2: -0.58375	W3: -0.19517	W4: -0.06484	W5: -0.18291	W6: -1.07292	W7: -0.07747	W8: -0.26634	W9: -0.24907	W10: 1.45315	
Y2	W1: 0.73224	W2: 0.58062	W3: 0.19814	W4: 0.06552	W5: 0.18349	W6: 1.07285	W7: 0.07735	W8: 0.26598	W9: 0.24908	W10: -1.45320	
Porcentaje de aciertos: 61.78571428571429%
